/*--------------------------------*- C++ -*----------------------------------*\
  =========                 |
  \\      /  F ield         | OpenFOAM: The Open Source CFD Toolbox
   \\    /   O peration     | Website:  https://openfoam.org
    \\  /    A nd           | Version:  10
     \\/     M anipulation  |
\*---------------------------------------------------------------------------*/
FoamFile
{
    format      ascii;
    class       volScalarField;
    location    "0.01";
    object      Ma;
}
// * * * * * * * * * * * * * * * * * * * * * * * * * * * * * * * * * * * * * //

dimensions      [0 0 0 0 0 0 0];

internalField   nonuniform List<scalar> 
4176
(
0.755754
0.755739
0.755711
0.755672
0.755618
0.75555
0.755468
0.755372
0.755262
0.755137
0.754998
0.754842
0.754673
0.754482
0.754285
0.754054
0.753831
0.753552
0.753308
0.752962
0.752742
0.752259
0.752159
0.751538
0.718537
0.718521
0.718488
0.718445
0.718384
0.718309
0.718219
0.718113
0.717992
0.717854
0.717701
0.71753
0.717345
0.717136
0.716921
0.716666
0.716424
0.716116
0.715849
0.715469
0.715212
0.714697
0.714537
0.713819
0.702694
0.702677
0.702643
0.702599
0.702537
0.70246
0.702368
0.702259
0.702136
0.701995
0.701839
0.701664
0.701477
0.701261
0.701046
0.700783
0.70054
0.700224
0.699955
0.699569
0.699289
0.698787
0.698565
0.697789
0.685774
0.685756
0.685721
0.685676
0.685612
0.685535
0.685441
0.685332
0.685208
0.685066
0.68491
0.684734
0.684549
0.684331
0.684119
0.683856
0.683618
0.683302
0.683041
0.682657
0.682395
0.681894
0.681693
0.680952
0.669428
0.669409
0.669374
0.669329
0.669265
0.669188
0.669095
0.668987
0.668863
0.668724
0.668571
0.668395
0.668215
0.667999
0.667794
0.667534
0.667305
0.666995
0.666746
0.666371
0.666136
0.665639
0.665474
0.664799
0.653306
0.653287
0.653252
0.653207
0.653144
0.653068
0.652976
0.65287
0.65275
0.652613
0.652465
0.652292
0.65212
0.651907
0.651714
0.651456
0.651242
0.650937
0.650704
0.650342
0.65012
0.649646
0.649491
0.648855
0.637623
0.637604
0.637568
0.637525
0.637462
0.637389
0.637299
0.637196
0.63708
0.636946
0.636806
0.636636
0.636476
0.636265
0.636086
0.635832
0.635635
0.635336
0.635122
0.634772
0.634559
0.634112
0.633962
0.633355
0.622064
0.622045
0.622009
0.621967
0.621905
0.621835
0.621748
0.62165
0.621539
0.621408
0.621277
0.621111
0.620961
0.620756
0.62059
0.620345
0.620161
0.619874
0.619676
0.61934
0.619139
0.618719
0.618575
0.618005
0.606926
0.606906
0.606872
0.606831
0.606771
0.606704
0.60662
0.606526
0.60642
0.606295
0.606171
0.606012
0.60587
0.605677
0.605517
0.605289
0.605112
0.604843
0.604656
0.604338
0.60415
0.603757
0.603618
0.603087
0.591903
0.591882
0.59185
0.591808
0.591753
0.591687
0.591608
0.591518
0.591416
0.591301
0.591178
0.591035
0.590893
0.59072
0.590559
0.590355
0.590177
0.589936
0.58975
0.58946
0.589281
0.588916
0.588782
0.58829
0.577262
0.577242
0.577211
0.57717
0.577118
0.577054
0.57698
0.576895
0.576798
0.576693
0.576571
0.576445
0.576302
0.57615
0.575989
0.575809
0.575632
0.575419
0.575233
0.574973
0.574799
0.574466
0.574336
0.573883
0.562594
0.562573
0.562544
0.562505
0.562455
0.562395
0.562325
0.562245
0.562153
0.562056
0.56194
0.561826
0.561686
0.561553
0.561393
0.561236
0.561062
0.560874
0.560693
0.560461
0.560291
0.55999
0.559865
0.55945
0.5484
0.548378
0.54835
0.548312
0.548265
0.548208
0.548142
0.548067
0.547981
0.547891
0.547782
0.547678
0.547544
0.547427
0.54727
0.547135
0.546963
0.546799
0.546622
0.546417
0.546252
0.545982
0.545859
0.545482
0.534179
0.534158
0.53413
0.534094
0.53405
0.533996
0.533934
0.533864
0.533784
0.533701
0.533598
0.533504
0.533378
0.533274
0.533124
0.533006
0.532839
0.532698
0.532527
0.532346
0.532187
0.531947
0.531829
0.531488
0.520276
0.520255
0.52023
0.520195
0.520154
0.520103
0.520047
0.519982
0.519909
0.519832
0.519738
0.519654
0.519536
0.519445
0.519304
0.519203
0.519045
0.518925
0.518762
0.518607
0.518456
0.518246
0.518134
0.517832
0.506374
0.506353
0.506328
0.506294
0.506256
0.506208
0.506155
0.506094
0.506026
0.505956
0.505868
0.505791
0.505681
0.5056
0.505467
0.505379
0.505229
0.505125
0.504968
0.504834
0.504689
0.504504
0.504395
0.504125
0.492927
0.492906
0.492883
0.492851
0.492816
0.492772
0.492724
0.492669
0.492608
0.492544
0.492465
0.492398
0.492297
0.492228
0.492106
0.492032
0.491894
0.491808
0.491663
0.491553
0.491417
0.491262
0.491159
0.490926
0.4792
0.479178
0.479156
0.479125
0.479093
0.479051
0.479008
0.478956
0.478901
0.478842
0.47877
0.47871
0.478618
0.478558
0.478445
0.478383
0.478254
0.478183
0.478046
0.477955
0.477826
0.477695
0.477597
0.477394
0.466106
0.466085
0.466064
0.466034
0.466005
0.465966
0.465927
0.465881
0.465832
0.465779
0.465716
0.465662
0.46558
0.465529
0.465427
0.465378
0.465259
0.465205
0.465079
0.465007
0.464888
0.464782
0.46469
0.464522
0.452711
0.45269
0.45267
0.452642
0.452615
0.45258
0.452544
0.452503
0.452459
0.452412
0.452357
0.452309
0.452238
0.452195
0.452103
0.452064
0.451957
0.451916
0.4518
0.451747
0.451635
0.451554
0.451467
0.45133
0.439781
0.43976
0.439741
0.439714
0.43969
0.439657
0.439626
0.439589
0.43955
0.439509
0.439462
0.43942
0.439359
0.439323
0.439243
0.439214
0.439117
0.43909
0.438984
0.43895
0.438846
0.438788
0.438706
0.4386
0.426769
0.426748
0.42673
0.426705
0.426683
0.426654
0.426626
0.426593
0.42656
0.426524
0.426485
0.426449
0.426398
0.426369
0.4263
0.426281
0.426195
0.426181
0.426086
0.426068
0.425973
0.425938
0.425861
0.425784
0.413999
0.413978
0.413961
0.413938
0.413918
0.413892
0.413867
0.41384
0.413811
0.413781
0.413749
0.413719
0.413677
0.413656
0.413597
0.413587
0.413512
0.41351
0.413425
0.413424
0.413337
0.413324
0.413252
0.413204
0.401293
0.401272
0.401257
0.401235
0.401217
0.401194
0.401173
0.40115
0.401126
0.401102
0.401077
0.401053
0.40102
0.401005
0.400957
0.400956
0.400892
0.400902
0.400827
0.400841
0.400763
0.40077
0.400704
0.400683
0.38873
0.388709
0.388695
0.388675
0.388658
0.388639
0.388621
0.388602
0.388583
0.388565
0.388546
0.388528
0.388504
0.388496
0.388458
0.388465
0.388412
0.388433
0.388368
0.388397
0.388327
0.388355
0.388294
0.388299
0.376273
0.376252
0.376238
0.376219
0.376205
0.376189
0.376174
0.376159
0.376145
0.376132
0.376119
0.376107
0.376092
0.37609
0.376063
0.376077
0.376036
0.376066
0.376012
0.376055
0.375994
0.37604
0.375985
0.376016
0.36393
0.363909
0.363897
0.363879
0.363867
0.363853
0.363842
0.363832
0.363822
0.363814
0.363807
0.363801
0.363794
0.363798
0.363781
0.363803
0.363772
0.363812
0.363768
0.363824
0.363771
0.363836
0.363786
0.363843
0.351697
0.351676
0.351664
0.351648
0.351638
0.351627
0.351619
0.351612
0.351607
0.351604
0.351602
0.351603
0.351603
0.351613
0.351605
0.351634
0.351613
0.351663
0.351629
0.351698
0.351653
0.351735
0.35169
0.35177
0.33957
0.339549
0.339539
0.339524
0.339516
0.339507
0.339503
0.3395
0.339499
0.3395
0.339504
0.339511
0.339518
0.339534
0.339535
0.339572
0.33956
0.339619
0.339594
0.339675
0.339639
0.339736
0.339697
0.339799
0.32755
0.327529
0.327519
0.327505
0.327499
0.327493
0.327491
0.327492
0.327495
0.327502
0.327511
0.327523
0.327537
0.327559
0.327569
0.327611
0.327609
0.327677
0.327661
0.327753
0.327725
0.327838
0.327804
0.327927
0.315633
0.315612
0.315602
0.31559
0.315586
0.315582
0.315584
0.315588
0.315595
0.315606
0.31562
0.315637
0.315658
0.315686
0.315704
0.315752
0.315759
0.315835
0.315828
0.31593
0.31591
0.316038
0.316009
0.316152
0.303818
0.303797
0.303788
0.303778
0.303775
0.303774
0.303777
0.303785
0.303796
0.303811
0.30383
0.303853
0.303879
0.303912
0.303938
0.303993
0.304009
0.304091
0.304093
0.304205
0.304193
0.304334
0.30431
0.304473
0.292104
0.292083
0.292075
0.292066
0.292065
0.292066
0.292072
0.292082
0.292097
0.292116
0.29214
0.292167
0.292199
0.292238
0.292271
0.292331
0.292356
0.292445
0.292456
0.292577
0.292572
0.292725
0.292707
0.292888
0.28049
0.280469
0.280462
0.280454
0.280454
0.280457
0.280466
0.280479
0.280497
0.28052
0.280548
0.28058
0.280617
0.280661
0.280702
0.280766
0.2808
0.280894
0.280914
0.281042
0.281045
0.28121
0.281196
0.281394
0.268975
0.268954
0.268948
0.26894
0.268942
0.268947
0.268958
0.268974
0.268995
0.269022
0.269054
0.269091
0.269132
0.269181
0.269228
0.269297
0.269338
0.269438
0.269466
0.269602
0.269612
0.269788
0.269779
0.269992
0.257559
0.257538
0.257532
0.257526
0.257529
0.257535
0.257548
0.257567
0.257591
0.257621
0.257656
0.257697
0.257743
0.257796
0.257849
0.257922
0.257972
0.258075
0.258112
0.258254
0.258271
0.258456
0.258452
0.25868
0.24624
0.246219
0.246214
0.246209
0.246213
0.246221
0.246236
0.246257
0.246284
0.246316
0.246355
0.246399
0.24645
0.246507
0.246565
0.246642
0.246699
0.246806
0.24685
0.246998
0.247022
0.247216
0.247216
0.247457
0.235019
0.234998
0.234994
0.234989
0.234994
0.235004
0.23502
0.235043
0.235072
0.235108
0.235149
0.235197
0.235251
0.235312
0.235375
0.235455
0.235518
0.235629
0.235681
0.235833
0.235863
0.236064
0.236069
0.236322
0.223896
0.223875
0.22387
0.223866
0.223872
0.223883
0.223902
0.223926
0.223957
0.223995
0.224039
0.22409
0.224147
0.224211
0.224279
0.224362
0.224431
0.224544
0.224603
0.224758
0.224795
0.225003
0.225011
0.225275
0.21287
0.212849
0.212844
0.212841
0.212848
0.21286
0.212879
0.212905
0.212938
0.212978
0.213024
0.213078
0.213137
0.213204
0.213276
0.213361
0.213436
0.213552
0.213616
0.213775
0.213817
0.21403
0.214042
0.214315
0.201941
0.20192
0.201916
0.201913
0.20192
0.201933
0.201954
0.201981
0.202015
0.202057
0.202105
0.20216
0.202223
0.202292
0.202367
0.202454
0.202533
0.202651
0.202721
0.202882
0.20293
0.203147
0.203163
0.203443
0.19111
0.191089
0.191085
0.191083
0.19109
0.191104
0.191125
0.191154
0.191189
0.191232
0.191282
0.191339
0.191403
0.191474
0.191552
0.191641
0.191724
0.191842
0.191917
0.19208
0.192133
0.192353
0.192373
0.19266
0.180378
0.180357
0.180353
0.180351
0.180359
0.180373
0.180395
0.180424
0.180461
0.180504
0.180555
0.180613
0.180679
0.180752
0.180831
0.180922
0.181008
0.181127
0.181207
0.181371
0.181428
0.181651
0.181673
0.181966
0.169746
0.169725
0.169721
0.16972
0.169727
0.169742
0.169764
0.169794
0.169831
0.169875
0.169927
0.169986
0.170052
0.170127
0.170208
0.170299
0.170389
0.170507
0.170592
0.170755
0.170816
0.171041
0.171066
0.171363
0.159217
0.159196
0.159192
0.15919
0.159198
0.159213
0.159235
0.159265
0.159302
0.159347
0.159399
0.159458
0.159526
0.1596
0.159682
0.159774
0.159866
0.159984
0.160072
0.160234
0.160299
0.160525
0.160553
0.160852
0.148793
0.148772
0.148767
0.148766
0.148773
0.148788
0.14881
0.14884
0.148877
0.148922
0.148974
0.149034
0.149102
0.149177
0.149259
0.149351
0.149445
0.149562
0.149653
0.149814
0.149882
0.150106
0.150137
0.150437
0.138479
0.138458
0.138453
0.138452
0.138459
0.138474
0.138495
0.138525
0.138562
0.138607
0.138659
0.138718
0.138786
0.13886
0.138943
0.139034
0.139129
0.139245
0.139338
0.139497
0.139568
0.139791
0.139824
0.140124
0.128282
0.128261
0.128256
0.128254
0.128261
0.128276
0.128297
0.128326
0.128363
0.128407
0.128459
0.128518
0.128585
0.128659
0.128742
0.128831
0.128927
0.129041
0.129135
0.129293
0.129365
0.129585
0.129621
0.129918
0.118213
0.118191
0.118186
0.118184
0.11819
0.118204
0.118225
0.118254
0.11829
0.118334
0.118384
0.118443
0.118509
0.118582
0.118664
0.118753
0.118847
0.11896
0.119054
0.11921
0.119283
0.1195
0.119537
0.119831
0.108283
0.108262
0.108256
0.108254
0.10826
0.108274
0.108294
0.108322
0.108357
0.1084
0.10845
0.108507
0.108572
0.108644
0.108725
0.108813
0.108905
0.109017
0.109109
0.109263
0.109336
0.109548
0.109588
0.109876
0.0985139
0.0984917
0.0984868
0.0984838
0.09849
0.0985026
0.0985226
0.0985496
0.0985839
0.0986253
0.0986741
0.0987301
0.0987935
0.0988644
0.0989425
0.0990298
0.0991188
0.0992309
0.0993186
0.0994702
0.0995438
0.0997491
0.0997912
0.100072
0.0889293
0.0889069
0.0889028
0.0888984
0.0889052
0.0889163
0.0889359
0.0889618
0.0889949
0.0890351
0.0890824
0.0891368
0.0891984
0.0892677
0.0893424
0.0894298
0.0895135
0.0896254
0.0897099
0.0898565
0.0899307
0.0901279
0.0901721
0.0904443
0.0795631
0.0795407
0.0795369
0.0795311
0.0795386
0.0795484
0.0795671
0.0795919
0.0796238
0.0796624
0.079708
0.0797605
0.07982
0.0798869
0.079959
0.0800443
0.0801234
0.080233
0.0803152
0.0804552
0.0805298
0.0807173
0.0807635
0.0810246
0.0704572
0.0704352
0.0704313
0.0704253
0.0704318
0.0704414
0.0704587
0.0704825
0.0705128
0.0705497
0.0705933
0.0706436
0.0707006
0.0707643
0.0708346
0.0709141
0.0709925
0.0710958
0.071176
0.0713083
0.0713828
0.0715592
0.071607
0.0718549
0.0616645
0.061643
0.0616388
0.0616333
0.0616382
0.0616476
0.0616637
0.0616861
0.0617147
0.0617496
0.0617909
0.0618385
0.0618926
0.0619531
0.0620201
0.0620938
0.062172
0.0622659
0.0623449
0.0624682
0.062542
0.0627058
0.0627548
0.0629874
0.0532483
0.0532277
0.0532229
0.053218
0.0532217
0.0532306
0.0532454
0.0532662
0.0532929
0.0533256
0.0533642
0.0534088
0.0534595
0.0535162
0.0535791
0.0536481
0.053723
0.0538074
0.0538858
0.0539981
0.0540702
0.0542202
0.0542697
0.054485
0.0452823
0.0452627
0.0452575
0.045253
0.0452558
0.0452638
0.0452773
0.0452964
0.045321
0.0453511
0.0453867
0.045428
0.0454748
0.0455273
0.0455854
0.0456493
0.0457189
0.0457951
0.0458712
0.045971
0.0460408
0.046176
0.0462251
0.0464214
0.0378473
0.037829
0.0378236
0.0378193
0.0378215
0.0378285
0.0378406
0.0378577
0.03788
0.0379072
0.0379396
0.0379771
0.0380197
0.0380674
0.0381202
0.0381782
0.0382415
0.0383101
0.0383815
0.0384688
0.0385354
0.0386554
0.0387028
0.0388782
0.0310267
0.0310099
0.0310045
0.0310006
0.0310021
0.0310081
0.0310187
0.0310338
0.0310535
0.0310777
0.0311065
0.0311399
0.0311778
0.0312203
0.0312674
0.0313191
0.0313753
0.0314363
0.031501
0.0315761
0.0316384
0.0317423
0.0317874
0.0319407
0.024898
0.024883
0.0248777
0.0248741
0.0248751
0.0248801
0.0248891
0.0249021
0.0249192
0.0249402
0.0249652
0.0249942
0.0250272
0.0250642
0.0251052
0.0251501
0.0251991
0.0252521
0.0253089
0.0253725
0.0254292
0.0255164
0.0255583
0.0256889
0.0195212
0.019508
0.0195031
0.0194998
0.0195004
0.0195044
0.0195119
0.0195228
0.0195371
0.0195549
0.019576
0.0196006
0.0196286
0.0196599
0.0196947
0.0197328
0.0197743
0.0198192
0.0198675
0.0199204
0.0199702
0.0200415
0.020079
0.0201873
0.0149289
0.0149176
0.0149132
0.0149102
0.0149105
0.0149136
0.0149196
0.0149285
0.0149402
0.0149548
0.0149722
0.0149924
0.0150154
0.0150413
0.0150699
0.0151013
0.0151355
0.0151724
0.0152122
0.0152551
0.0152972
0.0153541
0.0153862
0.0154735
0.0111201
0.0111108
0.0111069
0.0111044
0.0111044
0.0111068
0.0111114
0.0111184
0.0111276
0.0111392
0.0111531
0.0111692
0.0111876
0.0112082
0.0112311
0.0112561
0.0112834
0.0113129
0.0113445
0.0113785
0.0114127
0.0114568
0.0114833
0.0115514
0.00805909
0.00805164
0.00804836
0.00804625
0.00804608
0.00804774
0.00805122
0.00805651
0.00806361
0.00807249
0.00808316
0.0080956
0.00810979
0.00812572
0.00814338
0.00816274
0.0081838
0.00820653
0.00823092
0.00825699
0.00828373
0.00831676
0.00833797
0.00838924
0.00567873
0.00567295
0.0056703
0.00566857
0.00566832
0.00566944
0.00567194
0.00567582
0.00568105
0.00568765
0.00569558
0.00570485
0.00571543
0.00572732
0.00574049
0.00575494
0.00577064
0.00578757
0.00580572
0.00582507
0.00584517
0.00586908
0.00588551
0.00592272
0.00388927
0.00388493
0.00388286
0.0038815
0.00388121
0.00388193
0.00388366
0.00388639
0.00389012
0.00389484
0.00390054
0.0039072
0.00391482
0.00392338
0.00393287
0.00394328
0.00395458
0.00396676
0.00397979
0.00399367
0.00400819
0.00402493
0.00403714
0.00406319
0.00258912
0.00258597
0.00258441
0.00258338
0.00258309
0.00258353
0.00258467
0.00258653
0.00258909
0.00259235
0.0025963
0.00260092
0.00260622
0.00261217
0.00261877
0.002626
0.00263385
0.00264231
0.00265134
0.00266095
0.00267103
0.00268238
0.00269108
0.00270867
0.00167591
0.0016737
0.00167256
0.00167181
0.00167156
0.0016718
0.00167253
0.00167374
0.00167544
0.00167761
0.00168025
0.00168335
0.0016869
0.0016909
0.00169533
0.00170019
0.00170545
0.00171112
0.00171716
0.00172358
0.00173032
0.00173776
0.00174371
0.00175516
0.00105539
0.00105389
0.00105309
0.00105255
0.00105235
0.00105247
0.00105292
0.00105368
0.00105477
0.00105616
0.00105787
0.00105987
0.00106218
0.00106477
0.00106765
0.0010708
0.00107421
0.00107787
0.00108178
0.00108592
0.00109026
0.00109498
0.00109889
0.00110608
0.000647084
0.000646095
0.000645555
0.000645184
0.000645028
0.00064508
0.00064534
0.000645806
0.000646475
0.000647343
0.000648407
0.000649664
0.000651109
0.000652736
0.000654541
0.000656515
0.000658654
0.000660948
0.000663388
0.000665964
0.000668665
0.000671559
0.000674034
0.000678394
0.000386598
0.000385966
0.000385611
0.000385364
0.00038525
0.000385266
0.000385411
0.000385684
0.000386083
0.000386605
0.000387249
0.000388011
0.000388888
0.000389876
0.000390972
0.000392171
0.000393468
0.000394857
0.000396331
0.000397884
0.000399506
0.000401225
0.000402731
0.000405287
0.000225267
0.000224875
0.000224648
0.000224489
0.000224409
0.000224408
0.000224486
0.00022464
0.00022487
0.000225174
0.000225551
0.000225998
0.000226514
0.000227096
0.000227742
0.000228447
0.000229209
0.000230024
0.000230886
0.000231792
0.000232735
0.000233724
0.000234607
0.000236055
0.000128134
0.000127897
0.000127757
0.000127657
0.000127604
0.000127597
0.000127636
0.00012772
0.000127848
0.00012802
0.000128234
0.000128489
0.000128784
0.000129116
0.000129485
0.000129888
0.000130322
0.000130785
0.000131274
0.000131786
0.000132317
0.000132868
0.00013337
0.000134159
7.12109e-05
7.10713e-05
7.09869e-05
7.09257e-05
7.08914e-05
7.08837e-05
7.09022e-05
7.09464e-05
7.10158e-05
7.11099e-05
7.1228e-05
7.13691e-05
7.15325e-05
7.1717e-05
7.19215e-05
7.21447e-05
7.2385e-05
7.26408e-05
7.29101e-05
7.31907e-05
7.34804e-05
7.37782e-05
7.40538e-05
7.44673e-05
3.86998e-05
3.86197e-05
3.85702e-05
3.85338e-05
3.85124e-05
3.85059e-05
3.85139e-05
3.85363e-05
3.85727e-05
3.86228e-05
3.8686e-05
3.87619e-05
3.885e-05
3.89496e-05
3.90599e-05
3.91801e-05
3.93094e-05
3.94465e-05
3.95904e-05
3.97397e-05
3.9893e-05
4.0049e-05
4.01954e-05
4.04041e-05
2.05826e-05
2.05377e-05
2.05094e-05
2.04883e-05
2.04754e-05
2.04706e-05
2.04737e-05
2.04846e-05
2.05031e-05
2.05289e-05
2.05618e-05
2.06016e-05
2.06478e-05
2.07e-05
2.07579e-05
2.08209e-05
2.08885e-05
2.096e-05
2.10347e-05
2.11119e-05
2.11905e-05
2.12698e-05
2.13448e-05
2.14462e-05
1.07213e-05
1.06967e-05
1.06809e-05
1.0669e-05
1.06614e-05
1.06581e-05
1.06591e-05
1.06642e-05
1.06733e-05
1.06862e-05
1.07029e-05
1.07232e-05
1.07468e-05
1.07735e-05
1.0803e-05
1.08352e-05
1.08696e-05
1.09058e-05
1.09435e-05
1.09822e-05
1.10214e-05
1.10604e-05
1.10974e-05
1.11448e-05
5.4734e-06
5.4602e-06
5.45158e-06
5.445e-06
5.44068e-06
5.43861e-06
5.43872e-06
5.44098e-06
5.4453e-06
5.45162e-06
5.45985e-06
5.46989e-06
5.48163e-06
5.49493e-06
5.50965e-06
5.52562e-06
5.54265e-06
5.56053e-06
5.57902e-06
5.59787e-06
5.61676e-06
5.63537e-06
5.65298e-06
5.67416e-06
2.7404e-06
2.73346e-06
2.72886e-06
2.72531e-06
2.72291e-06
2.72166e-06
2.72151e-06
2.72245e-06
2.72444e-06
2.72744e-06
2.73139e-06
2.73624e-06
2.74192e-06
2.74838e-06
2.75552e-06
2.76324e-06
2.77146e-06
2.78004e-06
2.78886e-06
2.79777e-06
2.8066e-06
2.81519e-06
2.82322e-06
2.83225e-06
1.34642e-06
1.34286e-06
1.34045e-06
1.33858e-06
1.33728e-06
1.33655e-06
1.33637e-06
1.33673e-06
1.33761e-06
1.33899e-06
1.34083e-06
1.34311e-06
1.3458e-06
1.34885e-06
1.35223e-06
1.35587e-06
1.35973e-06
1.36373e-06
1.36782e-06
1.3719e-06
1.3759e-06
1.37971e-06
1.38321e-06
1.38683e-06
6.49544e-07
6.47747e-07
6.46517e-07
6.45547e-07
6.4486e-07
6.4445e-07
6.4431e-07
6.44433e-07
6.44806e-07
6.45419e-07
6.46256e-07
6.47303e-07
6.4854e-07
6.49946e-07
6.51499e-07
6.53171e-07
6.54933e-07
6.5675e-07
6.58586e-07
6.60398e-07
6.62139e-07
6.63756e-07
6.65185e-07
6.66485e-07
3.07845e-07
3.06957e-07
3.0634e-07
3.05848e-07
3.05492e-07
3.05269e-07
3.05176e-07
3.05208e-07
3.05358e-07
3.05622e-07
3.05992e-07
3.06458e-07
3.07013e-07
3.07644e-07
3.0834e-07
3.09087e-07
3.0987e-07
3.1067e-07
3.11468e-07
3.12242e-07
3.12968e-07
3.13618e-07
3.14159e-07
3.14565e-07
1.43407e-07
1.42975e-07
1.42672e-07
1.42427e-07
1.42247e-07
1.42129e-07
1.42072e-07
1.42074e-07
1.42131e-07
1.4224e-07
1.42399e-07
1.42601e-07
1.42843e-07
1.43119e-07
1.43423e-07
1.43747e-07
1.44085e-07
1.44426e-07
1.44761e-07
1.4508e-07
1.45369e-07
1.45614e-07
1.45801e-07
1.45909e-07
6.56938e-08
6.54878e-08
6.53412e-08
6.52221e-08
6.51326e-08
6.50721e-08
6.50396e-08
6.50339e-08
6.50536e-08
6.50971e-08
6.51625e-08
6.52478e-08
6.53504e-08
6.54677e-08
6.55966e-08
6.57335e-08
6.58746e-08
6.60155e-08
6.61514e-08
6.62767e-08
6.63857e-08
6.64716e-08
6.65267e-08
6.65398e-08
2.96065e-08
2.95099e-08
2.94404e-08
2.93834e-08
2.93399e-08
2.93095e-08
2.92918e-08
2.92862e-08
2.9292e-08
2.93084e-08
2.93346e-08
2.93693e-08
2.94116e-08
2.946e-08
2.95131e-08
2.95692e-08
2.96263e-08
2.96824e-08
2.97351e-08
2.9782e-08
2.98201e-08
2.98465e-08
2.98576e-08
2.98453e-08
1.31323e-08
1.30878e-08
1.30554e-08
1.30286e-08
1.30078e-08
1.29929e-08
1.29837e-08
1.29798e-08
1.29809e-08
1.29867e-08
1.29966e-08
1.30103e-08
1.30272e-08
1.30466e-08
1.30677e-08
1.30899e-08
1.31122e-08
1.31336e-08
1.3153e-08
1.31693e-08
1.31811e-08
1.31871e-08
1.31856e-08
1.31713e-08
5.73525e-09
5.71508e-09
5.70022e-09
5.68785e-09
5.67813e-09
5.67098e-09
5.6663e-09
5.66395e-09
5.66379e-09
5.66562e-09
5.66923e-09
5.67442e-09
5.68091e-09
5.68839e-09
5.69652e-09
5.70497e-09
5.71328e-09
5.72102e-09
5.72768e-09
5.73268e-09
5.73545e-09
5.73535e-09
5.73169e-09
5.72099e-09
2.46708e-09
2.45808e-09
2.45139e-09
2.44577e-09
2.4413e-09
2.43794e-09
2.43564e-09
2.43435e-09
2.43398e-09
2.43444e-09
2.43568e-09
2.43755e-09
2.43992e-09
2.44269e-09
2.4457e-09
2.44876e-09
2.45169e-09
2.45426e-09
2.45627e-09
2.45746e-09
2.45753e-09
2.45618e-09
2.45316e-09
2.44636e-09
1.04562e-09
1.04168e-09
1.03871e-09
1.0362e-09
1.03419e-09
1.03264e-09
1.03155e-09
1.03086e-09
1.03059e-09
1.03064e-09
1.03101e-09
1.03165e-09
1.03248e-09
1.03346e-09
1.03449e-09
1.03553e-09
1.03647e-09
1.03722e-09
1.03766e-09
1.0377e-09
1.03719e-09
1.03599e-09
1.03396e-09
1.02992e-09
4.36788e-10
4.35093e-10
4.33788e-10
4.32696e-10
4.31793e-10
4.31093e-10
4.30596e-10
4.3025e-10
4.30073e-10
4.30049e-10
4.30141e-10
4.30325e-10
4.30592e-10
4.30914e-10
4.31244e-10
4.31558e-10
4.31812e-10
4.31964e-10
4.3195e-10
4.31737e-10
4.31227e-10
4.30377e-10
4.29108e-10
4.26735e-10
1.79902e-10
1.7918e-10
1.78625e-10
1.78156e-10
1.77762e-10
1.77454e-10
1.77215e-10
1.77058e-10
1.76964e-10
1.76927e-10
1.76926e-10
1.76983e-10
1.77057e-10
1.77143e-10
1.77239e-10
1.77304e-10
1.77357e-10
1.77326e-10
1.77234e-10
1.77027e-10
1.76664e-10
1.76128e-10
1.75368e-10
1.74004e-10
7.30748e-11
7.27753e-11
7.25362e-11
7.2341e-11
7.21698e-11
7.20409e-11
7.19328e-11
7.18562e-11
7.18082e-11
7.17901e-11
7.17818e-11
7.17796e-11
7.17984e-11
7.18169e-11
7.18327e-11
7.18411e-11
7.18189e-11
7.17865e-11
7.16964e-11
7.15539e-11
7.13453e-11
7.10352e-11
7.06268e-11
6.99049e-11
2.93221e-11
2.9154e-11
2.90749e-11
2.89777e-11
2.89085e-11
2.88467e-11
2.88107e-11
2.87817e-11
2.87556e-11
2.87431e-11
2.87194e-11
2.87235e-11
2.87291e-11
2.87179e-11
2.87234e-11
2.87041e-11
2.86819e-11
2.8662e-11
2.8599e-11
2.85172e-11
2.84063e-11
2.82432e-11
2.80468e-11
2.76778e-11
1.15705e-11
1.15339e-11
1.14908e-11
1.14597e-11
1.1426e-11
1.13996e-11
1.13905e-11
1.1363e-11
1.13546e-11
1.13469e-11
1.1348e-11
1.13399e-11
1.13319e-11
1.13328e-11
1.13314e-11
1.1329e-11
1.13074e-11
1.12823e-11
1.12531e-11
1.12119e-11
1.11546e-11
1.10858e-11
1.09658e-11
1.08031e-11
4.57999e-12
4.5056e-12
4.49407e-12
4.47031e-12
4.45717e-12
4.46001e-12
4.43926e-12
4.43993e-12
4.42402e-12
4.42289e-12
4.42649e-12
4.42399e-12
4.42254e-12
4.41013e-12
4.40561e-12
4.40041e-12
4.39571e-12
4.37959e-12
4.36764e-12
4.3504e-12
4.31922e-12
4.28052e-12
4.23751e-12
4.16564e-12
1.75446e-12
1.73076e-12
1.72856e-12
1.72072e-12
1.71834e-12
1.70697e-12
1.69756e-12
1.70739e-12
1.71313e-12
1.69261e-12
1.70453e-12
1.69529e-12
1.69383e-12
1.70063e-12
1.68913e-12
1.69301e-12
1.68697e-12
1.68572e-12
1.67686e-12
1.67143e-12
1.64653e-12
1.6287e-12
1.61377e-12
1.58152e-12
6.58581e-13
7.07969e-13
6.74708e-13
6.54845e-13
6.49021e-13
6.62167e-13
6.52272e-13
6.49673e-13
6.45496e-13
6.4457e-13
6.43071e-13
6.5189e-13
6.40882e-13
6.44921e-13
6.43939e-13
6.40254e-13
6.3355e-13
6.39883e-13
6.28032e-13
6.27446e-13
6.19832e-13
6.13902e-13
6.08852e-13
5.84804e-13
2.48545e-13
2.48521e-13
3.74271e-13
2.41213e-13
2.4222e-13
2.45705e-13
2.45597e-13
2.445e-13
2.47809e-13
2.41599e-13
2.43581e-13
2.37471e-13
2.37669e-13
2.45698e-13
2.41271e-13
2.34903e-13
2.46296e-13
2.34516e-13
2.37769e-13
2.33261e-13
2.32604e-13
2.25335e-13
2.21955e-13
2.24277e-13
7.93555e-13
2.50657e-13
8.64834e-14
8.16528e-14
8.44787e-14
1.08307e-13
1.01912e-13
1.00574e-13
8.815e-14
9.62652e-14
8.0986e-14
8.13451e-14
9.4062e-14
8.56468e-14
8.0437e-14
9.97893e-14
8.44579e-14
8.7814e-14
9.02364e-14
7.30454e-14
8.34721e-14
9.24668e-14
8.40115e-14
7.74643e-14
3.39918e-14
3.46154e-14
2.43003e-14
1.05828e-13
3.49212e-14
3.31521e-14
6.13952e-14
3.8802e-14
2.91404e-14
2.63173e-14
3.76511e-14
4.50362e-14
3.19454e-14
2.52732e-14
3.82895e-14
5.254e-14
3.65653e-14
4.33899e-14
3.21647e-14
4.16917e-14
3.02683e-14
4.11279e-14
3.09723e-14
3.3734e-14
7.10448e-13
2.45781e-13
7.13358e-15
1.57689e-14
1.35397e-14
7.57656e-15
2.55281e-14
4.66814e-14
1.57756e-14
2.10756e-14
1.18321e-14
3.37346e-14
1.66626e-14
1.91026e-14
2.79685e-14
2.67176e-14
2.90195e-14
2.77368e-14
9.74299e-15
2.77403e-14
4.08625e-15
3.46995e-15
1.23659e-14
1.09732e-14
7.5636e-15
2.20998e-13
1.50485e-13
7.64856e-15
6.73372e-15
1.03073e-14
5.73644e-14
4.65712e-14
9.01002e-15
6.73689e-15
3.59303e-14
1.07467e-14
6.04532e-15
7.34576e-15
6.95065e-15
9.12407e-15
7.24798e-15
2.03139e-14
1.89626e-14
3.62278e-15
2.11758e-14
2.87574e-15
1.64597e-14
1.84793e-14
8.60001e-15
2.41521e-13
3.10161e-15
2.59073e-15
7.59036e-14
6.53984e-14
5.2556e-14
6.67738e-15
3.09829e-15
3.50033e-14
1.147e-14
3.16342e-14
6.60813e-15
2.61e-15
1.94613e-15
2.0772e-14
2.34897e-14
1.76669e-14
2.16096e-14
2.31164e-15
5.82643e-15
3.34676e-14
1.02052e-14
5.86823e-15
6.64236e-13
7.25828e-15
1.43055e-13
1.1145e-13
7.53537e-14
6.09221e-14
5.86096e-14
3.44071e-15
4.66746e-15
1.42519e-14
6.20363e-15
3.80915e-15
2.47283e-15
2.84388e-14
7.10767e-15
7.66291e-15
8.82138e-15
8.31376e-15
1.40721e-14
4.62108e-15
2.15965e-14
1.04703e-14
9.87559e-15
1.75283e-14
8.87948e-16
9.63636e-15
1.48374e-13
2.81534e-15
1.56809e-13
1.27392e-13
7.00643e-15
3.86613e-14
3.41129e-14
2.31463e-15
6.11123e-15
9.73041e-15
1.04234e-14
4.41163e-15
2.00123e-14
3.32365e-15
1.94285e-14
1.66759e-14
2.34144e-14
6.68978e-15
1.47025e-14
1.69183e-14
2.17446e-15
1.93111e-14
1.48727e-14
1.83639e-13
6.67452e-15
7.82927e-14
6.15869e-14
1.25851e-13
5.35475e-14
6.21797e-15
4.92787e-14
1.20885e-14
7.97872e-15
3.55247e-14
3.44887e-14
3.87466e-15
4.82424e-15
6.01467e-15
1.31508e-14
6.24136e-15
8.59825e-15
7.04825e-15
1.40108e-14
2.22336e-14
1.14002e-14
1.21178e-14
2.10623e-14
1.95619e-14
1.73121e-14
1.00845e-14
1.57636e-14
8.11687e-15
4.18663e-14
6.9602e-15
2.14525e-15
1.04334e-14
1.7886e-14
1.45259e-14
2.42934e-14
8.1401e-15
5.30845e-15
1.80941e-14
3.92678e-15
6.23186e-15
1.52511e-14
1.58576e-14
1.5004e-14
1.27275e-14
1.31504e-14
1.17019e-14
1.78536e-15
1.1421e-14
9.92225e-15
7.63972e-14
2.29749e-15
6.98039e-14
8.35232e-15
7.51236e-15
4.63432e-14
7.31721e-15
1.24604e-14
5.56155e-15
3.29549e-14
2.47179e-15
9.02068e-15
8.09562e-15
2.5715e-14
7.65527e-15
3.6637e-14
4.58788e-15
1.50638e-14
1.87123e-14
1.58988e-14
1.26745e-14
1.05331e-14
1.80608e-13
1.40506e-13
2.69094e-15
1.4782e-15
5.61256e-15
4.13304e-14
1.04445e-14
3.36444e-14
6.58997e-14
7.56651e-15
8.72414e-15
8.73344e-15
6.98872e-16
1.02356e-14
2.32145e-14
2.30771e-14
3.19429e-15
6.2693e-15
3.78043e-15
1.33876e-14
1.25973e-14
1.50498e-14
1.34846e-14
1.8549e-14
1.37238e-14
8.51531e-15
6.65393e-15
4.24722e-15
5.09707e-15
5.69987e-15
2.48497e-15
3.94782e-14
3.08925e-14
9.32556e-15
4.1145e-15
9.78148e-15
3.0393e-15
8.98146e-15
2.00093e-14
6.77031e-15
1.67712e-14
2.16799e-15
6.26673e-15
2.90801e-14
6.7576e-16
5.90702e-15
1.66642e-14
6.71535e-13
5.42492e-15
7.59637e-15
7.55806e-15
1.76464e-14
5.81673e-14
1.15842e-14
1.26069e-14
1.49347e-14
6.50475e-14
7.45673e-15
5.53714e-14
2.36619e-14
4.88063e-15
2.50561e-14
5.88643e-15
2.85571e-15
2.44514e-15
1.31446e-15
7.07632e-15
2.69299e-15
4.43298e-15
2.62292e-15
1.24586e-15
1.06757e-14
1.96469e-13
1.24569e-13
1.30033e-14
1.26978e-14
5.4539e-14
6.43908e-15
3.90755e-14
3.29025e-14
2.95207e-14
8.13042e-15
2.89447e-14
2.57746e-14
2.20189e-14
9.12678e-15
2.11683e-15
1.85657e-14
8.50268e-15
3.64658e-15
2.60579e-15
1.60433e-14
1.50043e-14
3.84855e-15
4.95362e-15
9.74004e-15
1.92533e-13
1.21292e-13
2.28492e-15
7.15081e-14
6.77312e-15
4.84319e-14
6.66193e-15
9.60306e-15
4.41341e-15
9.58918e-15
2.51117e-14
4.70275e-14
2.11484e-14
3.56254e-15
8.68421e-15
5.88583e-15
1.33257e-14
2.13061e-14
2.06272e-14
4.82982e-15
2.2572e-15
6.54559e-16
1.3539e-15
6.90182e-15
9.60169e-15
8.33281e-15
1.38363e-14
5.18988e-15
5.08682e-14
6.63876e-16
3.94855e-14
3.39115e-14
3.10868e-14
1.96104e-15
3.73411e-15
2.21296e-14
5.57132e-15
9.17434e-15
9.67079e-15
8.44773e-15
2.46653e-14
9.46876e-15
1.55469e-14
1.69412e-14
1.38262e-14
6.56761e-15
1.47719e-14
1.25195e-14
1.85332e-13
8.86932e-15
4.95929e-15
1.49084e-14
1.231e-14
4.8249e-14
1.38609e-14
9.78696e-15
3.1823e-14
2.78974e-14
2.53397e-14
3.63474e-15
2.04155e-14
4.23959e-15
6.46465e-15
1.17545e-14
3.29009e-14
1.0665e-14
1.96348e-14
1.51536e-14
1.48448e-14
1.29152e-14
1.89868e-16
6.06541e-15
7.29432e-15
1.15386e-13
7.79595e-15
1.33982e-14
1.38196e-15
1.06573e-14
6.04511e-15
1.47014e-14
1.24034e-14
1.08445e-14
2.62191e-14
2.52921e-14
1.24322e-14
2.02045e-14
2.05631e-14
1.63991e-14
1.07675e-14
1.79155e-14
1.42813e-14
1.38625e-14
6.88172e-15
1.10973e-14
1.47868e-14
1.14374e-12
1.80349e-13
8.4106e-15
8.07395e-14
1.15444e-14
5.16082e-14
8.37322e-15
4.87658e-15
8.38842e-15
5.99531e-14
2.59101e-14
5.05896e-15
5.51818e-15
1.01126e-14
9.80157e-15
1.34785e-14
7.03956e-15
6.94636e-15
5.80597e-15
8.48584e-15
1.43928e-14
1.36691e-14
5.06736e-15
8.94766e-15
1.14025e-14
1.81878e-13
7.10394e-15
2.96034e-15
5.28721e-15
2.7993e-16
5.93893e-16
3.41568e-14
1.26148e-15
6.34071e-15
3.55756e-15
3.04967e-14
2.62827e-15
6.26161e-15
1.9486e-14
1.88926e-14
1.03983e-14
1.67625e-14
1.7443e-14
1.04418e-14
4.93758e-15
5.87397e-15
5.41613e-15
1.30143e-14
1.47644e-14
1.99537e-13
1.14298e-14
1.29796e-14
7.64944e-15
5.52221e-14
3.27964e-14
4.55674e-15
1.18251e-14
9.98672e-15
5.83576e-15
6.46788e-15
6.77979e-15
1.00721e-14
1.01785e-14
1.0576e-14
1.85108e-14
1.09184e-14
1.23687e-14
2.08052e-14
1.83716e-14
1.67083e-14
1.65349e-14
1.21953e-14
1.78846e-14
1.06214e-14
2.27581e-15
8.9168e-14
7.69239e-15
5.39255e-15
5.38376e-15
4.06881e-14
3.50925e-14
3.34616e-14
2.57452e-14
9.35878e-15
2.27915e-14
4.70831e-15
8.91039e-15
1.14843e-15
1.22434e-14
4.82941e-15
1.34861e-14
1.39044e-14
1.5995e-14
5.69273e-15
4.8087e-15
9.00434e-15
1.44424e-14
1.66085e-14
1.22431e-14
9.22941e-14
1.83621e-15
4.05346e-15
4.25859e-14
1.0818e-14
9.22797e-15
5.48785e-15
4.232e-15
8.6544e-15
2.09382e-14
2.16099e-14
2.40174e-14
4.33267e-15
3.23851e-15
1.79296e-15
9.60869e-15
7.94802e-15
7.51746e-15
1.51807e-14
1.17297e-15
1.04205e-14
1.03964e-14
1.89503e-13
1.04365e-13
7.41477e-14
1.11924e-14
1.55293e-15
3.84996e-14
3.14153e-15
5.85553e-14
6.79349e-15
6.50748e-15
5.12678e-15
4.84537e-14
1.06687e-14
7.61955e-15
1.40359e-14
1.79838e-14
1.16657e-14
3.1708e-15
1.22165e-14
4.13311e-15
1.30104e-14
1.39069e-14
6.70766e-15
3.33647e-15
1.48196e-13
1.02244e-13
1.53023e-15
8.59594e-15
4.38916e-14
3.9424e-14
2.52857e-15
8.34914e-15
2.00938e-14
2.49108e-15
8.98764e-15
2.67998e-15
1.32951e-14
2.32024e-14
1.50779e-14
1.49065e-14
1.5517e-14
1.49964e-14
1.03614e-14
1.58966e-14
1.52739e-14
1.47205e-14
1.16257e-14
7.8681e-15
1.72382e-13
8.58633e-14
8.91587e-14
8.21516e-15
5.06999e-14
1.01541e-14
3.83636e-14
3.59498e-15
7.83461e-15
5.52422e-15
3.45326e-15
6.59283e-15
7.56667e-15
1.12272e-14
9.43141e-15
1.41531e-14
7.42885e-15
9.89108e-15
5.0069e-15
1.24147e-14
1.31753e-14
5.43574e-15
3.18903e-15
4.92635e-13
1.60696e-13
6.71038e-15
1.39504e-14
5.16258e-14
8.78832e-15
1.71407e-14
7.67891e-15
3.6583e-14
2.50373e-14
5.57383e-15
5.29157e-15
2.11198e-14
1.85151e-14
8.76998e-15
6.47352e-15
1.59884e-14
2.57474e-15
6.44743e-15
1.37993e-14
1.00853e-14
9.48928e-15
7.08681e-15
1.48471e-14
5.16006e-13
1.51791e-13
1.18949e-14
7.28663e-14
1.15212e-14
1.55359e-15
5.36752e-15
8.39099e-15
1.0852e-14
5.98863e-15
1.92379e-14
5.54144e-15
1.93667e-14
9.97153e-15
1.71162e-14
5.01683e-15
1.90215e-14
5.26616e-15
6.85163e-15
1.14136e-14
2.44777e-15
1.4259e-14
2.2936e-14
1.36061e-14
4.41688e-13
4.56624e-15
9.18906e-14
4.8376e-15
1.39064e-15
5.24482e-14
6.84857e-15
2.06623e-15
3.5776e-14
5.9457e-15
7.9261e-15
1.48611e-14
1.25284e-14
2.22646e-14
1.60677e-14
1.93036e-15
1.61051e-14
2.70442e-14
3.14419e-15
1.2342e-14
1.43113e-14
7.42955e-15
1.14078e-14
5.14416e-15
4.57471e-13
8.52861e-15
9.56255e-14
6.64842e-14
5.41021e-14
4.55829e-14
4.41701e-14
4.00136e-14
5.86126e-15
1.00033e-14
8.30162e-15
1.14712e-14
5.62782e-15
5.61064e-15
7.80096e-15
1.3488e-14
3.85713e-15
1.89974e-14
1.36979e-14
1.70943e-14
1.6715e-14
8.1108e-15
7.62698e-15
4.92311e-15
9.96051e-15
5.49417e-15
7.53023e-14
5.41634e-15
3.01613e-15
3.7661e-15
1.08156e-14
3.73044e-14
9.07124e-15
5.86613e-15
3.02105e-14
5.39758e-15
1.97539e-14
2.2838e-14
7.38362e-15
1.4046e-14
8.73503e-15
2.48143e-15
2.82515e-15
9.8926e-15
1.1501e-15
4.10934e-15
4.58058e-15
1.14731e-15
4.50897e-13
8.26374e-15
1.03137e-14
3.53865e-15
5.3011e-14
7.98003e-15
1.51425e-15
5.43815e-15
3.54095e-14
2.01612e-14
2.2278e-14
9.18963e-15
1.64234e-14
9.50792e-15
3.82539e-15
4.90684e-15
1.01109e-14
1.46854e-14
1.69968e-15
2.31203e-15
1.36241e-14
7.32357e-15
3.05067e-15
1.25137e-14
7.60759e-15
1.44959e-13
1.62638e-14
5.35017e-14
7.87159e-15
4.43697e-15
3.09964e-14
3.84768e-14
7.45437e-15
4.20048e-15
7.00153e-15
2.46587e-14
1.11144e-14
1.7062e-14
1.33569e-14
2.92877e-14
1.27244e-14
2.09614e-15
6.24029e-15
2.63693e-15
2.33446e-15
4.80424e-15
2.25042e-15
4.04464e-15
3.63735e-15
1.60011e-13
3.32797e-15
1.33406e-15
3.70114e-14
4.86646e-15
2.4555e-14
1.98771e-14
4.89853e-15
9.58551e-15
3.09879e-14
4.34598e-15
4.02003e-15
2.11347e-14
2.89759e-14
3.54913e-15
3.98657e-15
1.81721e-15
1.60494e-14
4.86167e-15
2.66984e-15
4.16025e-15
1.30326e-14
1.33622e-14
5.40197e-15
3.90247e-15
8.76214e-14
4.64731e-15
3.78941e-15
8.18529e-15
3.80619e-14
1.07507e-14
3.64522e-15
7.03332e-15
1.47187e-14
1.33149e-14
1.36869e-14
7.19518e-15
3.3535e-15
1.82968e-14
1.69702e-14
1.76527e-14
7.52346e-15
2.1342e-15
2.61638e-15
3.67411e-15
8.18533e-15
5.63321e-15
1.1376e-14
1.57682e-13
2.79906e-15
4.17501e-15
6.89772e-15
4.51185e-15
4.15943e-15
1.62126e-14
7.20153e-15
4.35577e-15
4.06177e-15
5.45366e-15
8.69859e-15
5.26881e-15
4.78612e-15
3.29773e-15
4.04781e-15
6.8209e-15
3.93365e-15
5.13793e-15
5.27014e-15
1.26871e-14
1.53744e-14
1.27591e-14
4.77882e-15
1.04087e-14
5.81253e-15
4.98635e-15
6.62865e-14
4.53288e-14
1.24643e-14
1.68751e-14
2.08702e-14
1.52795e-14
1.42702e-14
2.81827e-14
2.48441e-14
2.12745e-14
1.7841e-14
1.0575e-14
1.94966e-14
2.83687e-14
3.92596e-15
4.78633e-15
6.15407e-15
8.46318e-16
2.0932e-15
7.38224e-15
2.08081e-14
1.23371e-13
1.25184e-14
1.29327e-14
9.14969e-15
1.57264e-14
9.69975e-15
1.04228e-14
3.00328e-15
5.18773e-15
7.63619e-15
2.83791e-14
7.93679e-15
2.28352e-14
1.56296e-14
1.74466e-14
8.20166e-15
1.20441e-15
9.35101e-15
3.18414e-15
1.75698e-14
1.08988e-14
9.61427e-15
8.36518e-15
1.91012e-14
2.15833e-13
1.46151e-14
4.19942e-14
7.05283e-15
2.667e-14
3.71831e-14
1.03251e-14
8.678e-15
7.20058e-15
2.81028e-14
2.11196e-14
4.14082e-14
4.10498e-15
1.21462e-14
4.94936e-15
1.34878e-14
8.05828e-15
1.31321e-15
6.05261e-15
4.50418e-15
8.43877e-15
9.64961e-15
5.35927e-15
1.75014e-13
7.58187e-14
1.47659e-14
1.0433e-14
8.90035e-15
2.90374e-15
1.22322e-14
1.00303e-14
4.05935e-14
1.99879e-14
3.11059e-14
1.03239e-14
4.70001e-15
2.57399e-14
2.283e-14
2.17317e-15
9.91633e-15
1.9437e-14
8.30776e-15
6.75537e-15
7.94694e-15
6.24085e-15
1.88269e-14
1.02493e-14
2.56218e-13
1.13044e-14
3.64204e-15
3.65993e-15
3.30106e-14
3.06879e-15
8.27359e-15
1.36559e-14
1.54376e-14
8.27437e-15
7.94445e-15
2.89684e-14
1.12938e-14
8.16122e-15
2.23884e-14
2.83408e-15
7.22567e-15
1.94526e-14
9.21188e-15
1.48693e-14
1.08078e-14
5.71694e-15
1.31114e-14
7.71593e-15
1.42338e-14
4.66128e-15
2.12789e-14
7.9225e-15
5.31073e-15
9.98299e-15
8.76661e-15
6.95051e-15
6.55048e-15
3.50019e-14
9.24725e-15
2.6727e-14
1.45269e-14
5.89247e-15
1.52618e-15
4.26693e-15
1.11445e-14
7.13921e-15
1.8259e-14
1.07665e-14
5.10247e-15
9.88194e-15
4.44285e-15
1.91953e-14
1.10201e-14
5.527e-15
1.09458e-13
9.03884e-14
1.62786e-15
7.68019e-15
4.71896e-14
8.90744e-15
4.52393e-15
5.617e-15
3.14878e-15
4.18768e-15
3.18583e-15
6.17138e-15
7.5796e-15
7.50565e-15
2.2165e-14
1.00041e-14
1.19239e-14
1.7939e-14
5.24567e-15
1.6562e-14
4.36929e-15
5.84934e-15
1.00238e-14
1.09281e-14
1.25955e-14
6.55127e-15
2.88405e-15
4.7371e-15
7.24066e-15
7.82964e-15
1.04882e-14
1.01145e-14
4.98036e-15
7.91288e-15
3.94985e-15
1.29559e-15
2.16081e-14
3.97753e-15
2.8136e-15
4.14095e-15
6.92366e-15
1.74993e-15
1.54314e-14
8.13641e-15
8.24308e-15
1.23994e-14
4.30584e-15
4.01911e-15
4.92952e-15
1.68449e-14
6.92858e-14
1.54866e-14
4.98155e-14
1.00447e-14
3.20765e-15
5.32338e-15
2.95456e-14
5.01762e-15
1.20923e-15
7.87325e-15
5.06926e-15
2.10463e-14
3.13457e-15
1.80965e-14
1.68857e-14
6.06722e-15
6.39441e-15
9.419e-15
8.98078e-15
4.54521e-15
2.33144e-15
7.09566e-15
1.72253e-14
1.72211e-14
1.04824e-14
5.06033e-15
7.90267e-15
4.20025e-14
7.10948e-15
3.43111e-15
3.08736e-14
1.00375e-14
9.60978e-15
2.34069e-14
9.46035e-15
1.97567e-14
4.18909e-15
4.21036e-15
4.18533e-15
2.01424e-15
1.51366e-14
4.91285e-15
1.57324e-14
1.27171e-14
6.08562e-13
8.91462e-15
2.41368e-13
3.29411e-15
6.8515e-15
5.49071e-14
5.38486e-15
4.45624e-15
6.85459e-15
4.4454e-15
5.76659e-14
2.08525e-15
8.4228e-15
2.78997e-15
2.08799e-14
1.9729e-14
3.67396e-15
1.98332e-14
2.64549e-14
9.25084e-15
4.52885e-14
1.52902e-15
3.17795e-15
1.69277e-14
4.16359e-15
4.0843e-15
1.31261e-13
4.22419e-15
7.86741e-15
9.72967e-15
4.59869e-14
7.81821e-15
3.08644e-15
5.73287e-14
2.90654e-15
6.07721e-15
5.13798e-15
7.77384e-15
6.75546e-15
8.3789e-15
3.2842e-15
6.01878e-15
2.27831e-14
5.75223e-15
3.09006e-14
5.78284e-15
4.95609e-15
2.31374e-14
6.78096e-13
1.96598e-13
1.74555e-13
5.25619e-15
6.55912e-14
1.36729e-13
1.35021e-13
6.49993e-15
4.11072e-15
9.30687e-15
1.28382e-15
2.57545e-14
3.37116e-14
2.1948e-14
5.13589e-15
1.19801e-15
1.67573e-15
7.60425e-15
2.82628e-15
1.64782e-14
1.48854e-14
2.7172e-14
2.67745e-14
3.38125e-15
5.83605e-13
8.47733e-15
1.17011e-13
8.74141e-15
1.23357e-14
5.50624e-14
8.74945e-15
6.49171e-14
5.36078e-14
1.6614e-15
1.48718e-15
3.77894e-15
3.81942e-14
2.89132e-14
2.06905e-14
9.53687e-15
1.92192e-14
1.86458e-14
1.00428e-14
1.94451e-14
1.6071e-14
1.53895e-14
1.89047e-14
9.52913e-15
1.28834e-14
3.3424e-13
3.61687e-15
4.8397e-15
9.06127e-15
5.93402e-15
4.48146e-14
2.36466e-15
3.71051e-15
4.65419e-15
5.03041e-15
2.57895e-14
2.54301e-15
5.79554e-15
2.35699e-15
2.11659e-14
1.76136e-14
1.68911e-14
1.65717e-14
1.50342e-14
8.20017e-15
6.23609e-15
7.88317e-15
5.47982e-15
8.2623e-15
3.84577e-15
1.10059e-14
7.24774e-15
6.36677e-14
6.57133e-15
3.85325e-15
4.43582e-15
5.21169e-15
5.83941e-15
1.11289e-14
5.58502e-15
2.98633e-15
7.98079e-15
2.39031e-14
6.7693e-15
9.85358e-15
7.57248e-15
8.62915e-15
3.73382e-15
4.25575e-15
6.00182e-15
8.10158e-15
1.37761e-14
9.12559e-15
1.24577e-14
1.33268e-13
1.1361e-14
6.47889e-14
3.34069e-15
7.49491e-15
4.57084e-14
3.37432e-14
2.98777e-14
4.05515e-14
8.42918e-15
1.43637e-14
1.23523e-14
7.60463e-15
2.93659e-14
2.49571e-14
2.46797e-14
1.15581e-14
7.23573e-15
3.15182e-15
4.01071e-15
8.04e-15
4.36702e-15
5.31226e-15
2.40773e-13
1.52398e-13
7.77129e-15
9.5024e-14
5.11501e-15
4.33549e-15
4.99381e-15
2.19872e-15
2.99045e-14
2.89697e-14
1.32519e-14
6.87474e-16
2.12884e-14
2.96162e-14
5.09176e-15
3.53333e-15
3.09859e-15
1.55873e-14
1.64096e-14
6.5819e-15
2.04642e-14
6.44562e-15
3.77007e-15
7.57816e-13
2.09918e-13
8.14979e-15
1.2578e-13
2.75522e-15
7.60179e-14
4.37061e-14
5.92843e-14
3.32766e-14
3.82949e-15
4.02336e-15
1.05016e-14
3.36853e-14
8.68322e-15
2.07742e-14
2.10822e-14
1.90659e-14
1.71519e-14
1.71818e-14
6.45426e-15
8.75619e-15
7.95171e-15
1.74829e-14
9.25929e-15
1.16932e-14
1.98989e-13
4.32225e-15
7.78753e-15
7.74993e-14
4.4478e-15
3.77593e-15
6.2094e-15
3.52194e-14
3.42441e-14
8.81997e-15
2.67086e-15
2.38703e-14
1.83658e-15
2.10532e-14
4.81314e-15
2.3974e-14
2.51827e-14
1.8437e-14
1.72181e-14
6.40336e-15
9.30846e-15
7.44868e-15
3.70672e-15
9.18116e-15
6.73366e-15
3.25377e-15
2.29489e-15
1.09967e-14
1.90435e-15
4.62306e-15
5.28206e-15
3.08141e-15
1.68091e-15
8.46475e-15
1.13931e-14
2.38124e-14
1.35405e-14
1.39629e-14
9.04204e-15
8.90169e-15
6.16346e-15
5.12485e-15
3.55914e-14
6.03003e-15
5.69727e-15
4.00505e-15
4.36006e-16
7.02277e-13
1.36624e-14
7.03567e-15
8.2183e-14
8.62213e-14
6.63424e-15
6.76607e-15
4.56567e-15
7.62727e-15
3.71052e-14
1.51288e-14
1.02249e-14
7.59565e-15
3.46627e-15
9.68805e-15
7.01775e-15
3.84458e-14
2.08265e-14
1.56626e-14
6.23822e-15
7.36065e-15
6.04604e-15
7.22897e-15
4.17883e-15
6.73148e-13
1.57253e-14
1.43577e-13
1.06809e-13
9.76128e-15
1.70492e-15
3.80708e-15
5.51163e-15
5.82718e-15
9.37747e-15
7.71692e-15
6.77369e-15
7.44237e-15
7.02212e-15
1.52642e-14
2.45808e-14
1.88624e-14
2.34832e-14
1.18237e-14
6.60201e-15
8.6543e-15
1.76481e-15
3.96975e-15
2.92655e-14
1.10129e-14
7.89557e-15
1.18098e-14
8.78e-14
7.03408e-14
5.05107e-15
4.61975e-15
4.70962e-14
8.38746e-14
3.01717e-14
3.18949e-14
2.4696e-14
3.0237e-14
2.28491e-14
4.2993e-15
2.3709e-14
2.34237e-14
2.05662e-14
2.58253e-15
2.90486e-15
4.53659e-15
6.25328e-15
1.96569e-15
1.69987e-15
8.05604e-15
1.00942e-14
6.8198e-15
6.81286e-15
1.03798e-14
1.11956e-14
7.02821e-15
8.34556e-15
4.46351e-14
5.12535e-15
2.72068e-14
2.4326e-14
4.44865e-15
4.62841e-15
1.13641e-14
7.87187e-15
2.2945e-14
2.26324e-14
2.07226e-14
1.15616e-14
8.27765e-15
4.42807e-15
1.53958e-14
1.38347e-14
1.24576e-14
2.30857e-13
7.55986e-15
4.84053e-15
3.16046e-15
5.88035e-14
1.04372e-14
4.75156e-14
3.53346e-14
1.07134e-14
8.42355e-15
7.32069e-15
9.04188e-15
2.81555e-14
4.02748e-15
6.37382e-15
3.67531e-15
2.05282e-14
2.07118e-14
3.59567e-15
3.30541e-15
3.54011e-15
1.36003e-14
1.48985e-14
6.41438e-13
1.52224e-14
1.26729e-13
1.03596e-14
4.14967e-15
5.32446e-14
6.95303e-15
3.93051e-14
4.16804e-15
6.0662e-15
7.91607e-15
1.06182e-14
2.47213e-14
8.33712e-15
2.4081e-14
1.9516e-15
2.38979e-15
3.89923e-15
7.75921e-16
1.7036e-14
2.99546e-15
1.75309e-14
7.96297e-15
5.11918e-15
6.87855e-13
1.17225e-14
1.34378e-14
4.91846e-15
9.09921e-15
9.91931e-15
6.20211e-14
2.20024e-15
5.55506e-15
6.26454e-15
3.07823e-14
4.25726e-15
3.66883e-15
3.8536e-15
2.26862e-14
4.20294e-15
3.48321e-15
1.41521e-15
1.59351e-14
4.08459e-15
7.00021e-15
1.64491e-14
6.5157e-15
9.32236e-15
9.21664e-15
8.81802e-15
1.0935e-14
1.10068e-14
3.15164e-15
6.85208e-15
5.49184e-15
3.9966e-14
5.13302e-15
4.08705e-14
3.15196e-14
2.45615e-15
2.21566e-14
3.41313e-15
6.44271e-15
1.84195e-14
4.74991e-15
4.85048e-15
8.70333e-15
1.98423e-14
1.6295e-14
1.14378e-14
1.04911e-14
5.99922e-15
3.57731e-15
7.39433e-15
9.56075e-15
9.25601e-14
5.99805e-15
6.18121e-15
6.65586e-15
3.73781e-15
3.39349e-14
4.91249e-15
3.30672e-14
3.90829e-15
5.68673e-15
7.27719e-15
1.08218e-14
9.5984e-15
2.02025e-14
1.09144e-14
5.19256e-15
1.43116e-14
1.84079e-15
8.87535e-15
4.4252e-15
5.75421e-15
5.90872e-13
8.49342e-15
1.34817e-13
9.74623e-15
6.58257e-14
8.41693e-15
4.55729e-14
8.78087e-15
3.4396e-15
3.06927e-14
3.46713e-15
1.37465e-15
5.55584e-15
7.26964e-15
7.23532e-15
3.91592e-15
2.18766e-14
1.98219e-14
1.93453e-14
1.82245e-14
1.46157e-14
1.25311e-14
7.66583e-15
8.39009e-15
6.14733e-13
2.29863e-13
2.97377e-15
8.40514e-15
4.54589e-15
7.94337e-15
4.66983e-14
3.71338e-15
3.69865e-14
5.21373e-15
3.52514e-14
7.2096e-15
7.99353e-15
1.06617e-14
1.96974e-14
1.02389e-14
1.34438e-14
9.8894e-15
1.24738e-14
1.97388e-14
8.58129e-15
1.40855e-14
5.18401e-15
1.3979e-14
6.61617e-13
2.19768e-13
1.0443e-14
8.03081e-15
8.1609e-15
5.03726e-15
6.50263e-15
9.22779e-15
4.27631e-14
3.40755e-14
3.19849e-14
2.39615e-14
5.3099e-15
2.11641e-14
4.98856e-15
1.27881e-14
6.83374e-15
9.04499e-15
9.46621e-15
8.84302e-15
6.71701e-15
7.51972e-15
1.82558e-14
6.07873e-15
1.17291e-14
7.32863e-15
1.11539e-13
4.98223e-15
6.65363e-14
8.35928e-15
7.66624e-15
5.66234e-15
2.95296e-15
7.00787e-15
4.44823e-15
2.3593e-15
2.16498e-14
1.99137e-14
6.8172e-15
1.76221e-14
2.2302e-14
9.27513e-15
1.8087e-15
2.89971e-14
1.14369e-14
1.42466e-14
8.01444e-15
3.51055e-15
6.06846e-15
5.58514e-15
1.13926e-13
4.97782e-15
7.51761e-15
6.34009e-15
4.7544e-14
3.54203e-14
2.05888e-15
2.85884e-14
3.32094e-14
2.4259e-14
2.3745e-14
8.21481e-15
1.87719e-14
1.39477e-14
2.11969e-14
7.26377e-15
7.3973e-15
3.84747e-15
4.82058e-15
1.05498e-14
5.25842e-15
1.57838e-14
6.05828e-13
6.55015e-15
1.09941e-13
3.36839e-15
4.36197e-15
6.97235e-14
5.5133e-15
4.66305e-14
4.84707e-15
6.82621e-15
3.35651e-15
3.27144e-14
5.13014e-15
2.24831e-14
1.51819e-15
2.35713e-14
2.23609e-15
8.13621e-15
6.91539e-15
1.01307e-14
4.79367e-15
7.29392e-15
7.31257e-15
3.43826e-15
6.66168e-13
1.61383e-14
1.02416e-14
7.01252e-15
1.14109e-14
5.39628e-15
4.26845e-14
2.4625e-15
6.86637e-15
1.24505e-15
3.81732e-15
1.15274e-14
1.07817e-14
2.16773e-14
2.73841e-14
5.33273e-15
3.82692e-15
7.46613e-15
1.5228e-14
4.50736e-15
1.02581e-14
1.03559e-14
2.8253e-15
1.75573e-15
6.19468e-13
2.23588e-13
1.15511e-14
7.27591e-15
1.35763e-14
2.33092e-15
4.35441e-14
2.75347e-15
2.49298e-15
3.55019e-14
9.82979e-15
4.66535e-15
6.51954e-15
8.02862e-15
2.62529e-14
1.81697e-14
6.55101e-15
6.34524e-15
1.5978e-14
1.45732e-14
6.31818e-15
9.70765e-15
1.21211e-14
1.23101e-14
5.77e-15
1.86845e-13
6.80503e-15
9.44976e-15
6.55747e-14
8.73949e-15
7.60424e-15
7.21452e-15
3.65484e-14
5.23009e-15
5.45749e-15
2.30767e-14
3.16523e-15
8.16324e-15
2.33328e-14
2.22506e-14
2.25792e-14
7.45778e-15
1.07439e-14
2.56885e-15
8.47502e-15
1.78276e-14
1.6496e-14
5.44154e-15
6.62151e-13
1.7568e-13
1.30798e-15
1.07772e-14
9.8201e-15
3.78756e-15
5.73731e-16
6.7657e-15
6.98841e-15
4.37085e-15
2.70085e-15
6.20799e-15
2.2339e-15
4.04417e-15
4.86656e-15
3.9659e-15
1.08483e-14
1.40453e-14
2.09752e-14
1.61387e-14
2.18239e-14
1.68957e-14
2.71629e-15
4.06962e-15
)
;

boundaryField
{
    asym1
    {
        type            wedge;
    }
    asym2
    {
        type            wedge;
    }
    inlet
    {
        type            calculated;
        value           nonuniform List<scalar> 
24
(
6.62151e-13
1.7568e-13
1.30798e-15
1.07772e-14
9.8201e-15
3.78756e-15
5.73731e-16
6.7657e-15
6.98841e-15
4.37085e-15
2.70085e-15
6.20799e-15
2.2339e-15
4.04417e-15
4.86656e-15
3.9659e-15
1.08483e-14
1.40453e-14
2.09752e-14
1.61387e-14
2.18239e-14
1.68957e-14
2.71629e-15
4.06962e-15
)
;
    }
    nozzle
    {
        type            calculated;
        value           nonuniform List<scalar> 
174
(
2.37547e-15
5.46244e-16
1.20952e-14
1.43254e-15
6.48765e-16
1.35155e-14
1.05243e-15
3.44131e-15
8.72623e-15
7.92687e-15
3.55716e-16
3.05624e-15
5.53609e-15
2.90562e-15
1.41646e-14
1.34579e-14
1.06922e-15
2.92303e-14
5.06225e-16
3.54534e-16
9.75605e-17
3.14075e-16
1.6956e-15
6.96714e-16
1.32604e-14
4.62496e-16
3.15894e-15
2.56245e-15
2.30499e-14
1.59449e-14
1.50802e-15
4.54375e-15
5.00127e-15
1.43489e-15
1.91837e-14
4.1605e-15
1.32469e-15
5.25258e-15
7.64387e-15
5.9338e-15
1.03596e-14
2.84001e-15
1.26094e-14
1.93679e-15
1.18879e-14
8.98117e-16
2.107e-15
8.99098e-16
1.36004e-14
1.28493e-14
1.09007e-15
1.16019e-14
5.73623e-15
1.02291e-14
7.33427e-15
1.14885e-14
1.1996e-14
3.161e-15
1.28008e-14
1.88995e-16
1.36541e-14
1.20146e-15
2.63592e-15
1.84616e-16
1.58807e-14
1.33699e-14
1.21823e-14
1.15704e-14
1.08004e-14
1.89289e-14
1.74797e-14
4.29261e-15
1.80257e-14
1.04022e-14
3.27459e-14
7.65582e-14
2.24084e-13
5.84448e-13
1.58106e-12
4.16446e-12
1.08009e-11
2.76728e-11
6.98949e-11
1.73985e-10
4.26702e-10
1.02988e-09
2.44629e-09
5.72089e-09
1.31711e-08
2.98452e-08
6.65395e-08
1.45909e-07
3.14565e-07
6.66485e-07
1.38683e-06
2.83225e-06
5.67415e-06
1.11448e-05
2.14461e-05
4.04038e-05
7.44668e-05
0.000134158
0.000236053
0.000405281
0.000678384
0.00110607
0.00175513
0.00270861
0.0040631
0.00592258
0.00838903
0.0115511
0.0154731
0.0201868
0.0256882
0.0319398
0.0388772
0.0464202
0.0544837
0.0629859
0.0718532
0.0810227
0.0904423
0.10007
0.109874
0.119829
0.129916
0.140121
0.150435
0.160849
0.17136
0.181963
0.192657
0.20344
0.214312
0.225272
0.236319
0.247454
0.258677
0.269989
0.281391
0.292885
0.30447
0.31615
0.327925
0.339797
0.351768
0.36384
0.376014
0.388297
0.400681
0.413202
0.425783
0.438599
0.451329
0.464521
0.477393
0.490925
0.504124
0.517831
0.531488
0.545482
0.55945
0.573883
0.58829
0.603087
0.618005
0.633355
0.648855
0.664799
0.680952
0.697789
0.713819
0.751538
)
;
    }
    outlet
    {
        type            calculated;
        value           nonuniform List<scalar> 
24
(
0.755754
0.755739
0.755711
0.755672
0.755618
0.75555
0.755468
0.755372
0.755262
0.755137
0.754998
0.754842
0.754673
0.754482
0.754285
0.754054
0.753831
0.753552
0.753308
0.752962
0.752742
0.752259
0.752159
0.751538
)
;
    }
}


// ************************************************************************* //
