0.0000030707815138952474, 0.027268539843390283
0.00027637033625057573, 0.08106863196683589
0.0006187624750499002, 0.16195301704283738
0.0010348533701827114, 0.3517273146015665
0.0013112237064332876, 0.46006448641179265
0.0018562874251497005, 0.5403961308152927
0.002129586979886381, 0.5941962229387383
0.0027437432826654382, 0.7016121602947956
0.003150621833256564, 0.7277752187931834
0.0036926147704590827, 0.7535697835099038
0.004226930753876862, 0.6430216490096741
0.004489482573314909, 0.5059419622293877
0.0049562413634269935, 0.3955780746199915
0.005223399355135884, 0.340304007369876
0.005621065561185322, 0.20285582680792347
0.005955780746199908, 0.14739751266697398
0.0064900967296176865, 0.03684937816674427
0.006890833717181022, -0.04606172270842812
0.0073606632888070025, -0.10188853063104464
0.007901120835252573, -0.10336250575771411
0.008440042990941195, -0.1321050207277743
0.009048057730692461, -0.13376324274527773
0.009451865499769691, -0.16213726393367045
0.009656072470443729, -0.13542146476278116

