0.00013698630136986306, 0
0.00034246575342465786, 0.0782608695652165
0.0006849315068493153, 0.20869565217391273
0.0009589041095890414, 0.31304347826086953
0.0013698630136986306, 0.41739130434782545
0.0017808219178082198, 0.4956521739130437
0.0023972602739726037, 0.6521739130434785
0.0027397260273972607, 0.730434782608695
0.0030821917808219186, 0.7565217391304344
0.003561643835616439, 0.7565217391304344
0.003835616438356165, 0.7043478260869565
0.004246575342465754, 0.6521739130434785
0.004520547945205481, 0.5739130434782602
0.00493150684931507, 0.4434782608695649
0.005342465753424659, 0.3652173913043475
0.005684931506849317, 0.2869565217391301
0.006095890410958904, 0.20869565217391273
0.006575342465753425, 0.13043478260869534
0.007054794520547946, 0.026086956521738536
0.007534246575342468, 0
0.008150684931506851, -0.026086956521739424
0.008630136986301372, -0.05217391304347885
0.009109589041095892, -0.07826086956521827
0.009589041095890413, -0.05217391304347885
0.009931506849315071, -0.026086956521739424

