0.0002054794520547948, 0.05676967187002102
0.0004794520547945205, 0.1412551768079
0.0008219178082191783, 0.28174577891048
0.0011643835616438358, 0.36642242752468945
0.001575342465753425, 0.507104173303599
0.0017808219178082198, 0.5913985345651476
0.0021917808219178094, 0.6483593501114999
0.002602739726027398, 0.7053201656578532
0.003013698630136987, 0.7343740044600189
0.003561643835616439, 0.7638101306148455
0.003835616438356165, 0.7366677285759788
0.004452054794520549, 0.6546670914303911
0.004794520547945207, 0.5439949028352977
0.005342465753424659, 0.4059891685250063
0.00582191780821918, 0.3236062440267595
0.006369863013698632, 0.21350748646065565
0.006849315068493152, 0.13112456196240707
0.007397260273972604, 0.021025804396304082
0.007808219178082193, -0.03364128703408831
0.008493150684931509, -0.05963682701497408
0.00897260273972603, -0.05829882128066455
0.00945205479452055, -0.029053838802167498
0.009794520547945208, -0.000191143676331329

