0.00006756756756756774, 0.054361179361179346
0.00033783783783783786, 0.08089680589680448
0.0009459459459459463, 0.21560196560196498
0.0012162162162162168, 0.26941031941031923
0.0015540540540540542, 0.37757985257985194
0.001891891891891892, 0.4584766584766573
0.0022297297297297304, 0.5666461916461918
0.0025675675675675674, 0.6475429975429972
0.002972972972972974, 0.7009828009828007
0.0033783783783783794, 0.7544226044226043
0.003783783783783785, 0.7533169533169533
0.004189189189189191, 0.7249385749385748
0.004662162162162163, 0.6418304668304664
0.004932432432432433, 0.5865479115479113
0.00533783783783784, 0.5036240786240791
0.005743243243243245, 0.420700245700246
0.006081081081081083, 0.3106879606879609
0.006554054054054055, 0.20030712530712513
0.006824324324324326, 0.14502457002456826
0.007162162162162164, 0.062285012285011376
0.007635135135135137, -0.02082309582309616
0.008040540540540542, -0.04920147420147547
0.008310810810810813, -0.07721130221130323
0.008648648648648652, -0.10540540540540544
0.009054054054054057, -0.10651105651105652
0.009324324324324326, -0.10724815724815695
0.009527027027027029, -0.05325552825552915
0.0097972972972973, 0.000552825552825098
0.009932432432432435, 0.00018427518427444056

