/*--------------------------------*- C++ -*----------------------------------*\
  =========                 |
  \\      /  F ield         | OpenFOAM: The Open Source CFD Toolbox
   \\    /   O peration     | Website:  https://openfoam.org
    \\  /    A nd           | Version:  10
     \\/     M anipulation  |
\*---------------------------------------------------------------------------*/
FoamFile
{
    format      ascii;
    class       volScalarField;
    location    "0.13";
    object      rho;
}
// * * * * * * * * * * * * * * * * * * * * * * * * * * * * * * * * * * * * * //

dimensions      [1 -3 0 0 0 0 0];

internalField   nonuniform List<scalar> 
4176
(
0.0308679
0.0308709
0.0308781
0.0308869
0.0309019
0.0309163
0.030939
0.0309589
0.0309892
0.0310149
0.0310519
0.0310843
0.0311264
0.0311671
0.031212
0.0312637
0.0313067
0.0313746
0.031413
0.0314988
0.0315306
0.0316359
0.0316562
0.0317705
0.0308741
0.0308769
0.0308832
0.0308916
0.0309045
0.0309183
0.0309378
0.0309569
0.030983
0.0310075
0.0310398
0.0310701
0.0311077
0.0311448
0.0311858
0.0312321
0.0312719
0.0313323
0.031368
0.0314447
0.031472
0.0315722
0.031593
0.0317221
0.0308934
0.0308963
0.0309028
0.0309114
0.0309249
0.0309391
0.0309595
0.0309791
0.0310065
0.0310315
0.0310655
0.0310964
0.031136
0.031174
0.0312173
0.0312647
0.0313069
0.0313698
0.0314056
0.031486
0.0315135
0.0316125
0.0316314
0.0317526
0.0309214
0.0309242
0.0309305
0.0309389
0.030952
0.0309657
0.0309857
0.0310046
0.0310315
0.0310555
0.031089
0.0311185
0.0311578
0.031194
0.0312369
0.0312826
0.0313244
0.0313874
0.0314185
0.0315013
0.0315264
0.0316241
0.0316418
0.0317541
0.0309604
0.0309632
0.0309695
0.030978
0.030991
0.0310048
0.0310246
0.0310437
0.0310703
0.0310947
0.0311278
0.0311578
0.0311966
0.0312331
0.0312762
0.0313212
0.031365
0.0314248
0.0314596
0.0315404
0.0315673
0.0316643
0.0316835
0.0317975
0.0310094
0.0310122
0.0310184
0.0310267
0.0310395
0.0310533
0.0310727
0.0310917
0.0311177
0.0311419
0.0311744
0.0312041
0.0312423
0.0312784
0.0313209
0.031365
0.0314092
0.0314661
0.0315041
0.031581
0.0316087
0.0317045
0.0317247
0.0318401
0.0310688
0.0310716
0.0310778
0.0310861
0.0310987
0.0311124
0.0311316
0.0311504
0.0311762
0.0312002
0.0312324
0.0312618
0.0312998
0.0313354
0.0313779
0.0314211
0.0314656
0.0315208
0.0315599
0.0316348
0.0316638
0.031758
0.0317784
0.0318919
0.0311385
0.0311413
0.0311474
0.0311556
0.0311681
0.0311816
0.0312006
0.0312192
0.0312447
0.0312684
0.0313001
0.0313292
0.0313667
0.0314017
0.0314439
0.0314862
0.0315307
0.0315841
0.0316243
0.0316965
0.0317265
0.0318193
0.0318402
0.0319523
0.0312186
0.0312213
0.0312274
0.0312355
0.0312479
0.0312612
0.0312799
0.0312984
0.0313235
0.0313469
0.0313783
0.0314069
0.0314441
0.0314785
0.0315204
0.0315619
0.0316064
0.0316581
0.0316992
0.031769
0.0318
0.0318908
0.0319121
0.0320225
0.0313091
0.0313118
0.0313178
0.0313258
0.031338
0.0313512
0.0313697
0.0313879
0.0314126
0.0314357
0.0314667
0.0314949
0.0315316
0.0315653
0.0316068
0.0316474
0.0316917
0.0317418
0.0317835
0.0318509
0.0318828
0.0319714
0.0319932
0.0321017
0.03141
0.0314127
0.0314185
0.0314265
0.0314385
0.0314515
0.0314697
0.0314877
0.0315121
0.0315348
0.0315653
0.031593
0.0316293
0.0316624
0.0317035
0.0317431
0.0317872
0.0318358
0.0318781
0.0319431
0.0319761
0.0320617
0.0320841
0.0321907
0.0315214
0.0315241
0.0315299
0.0315377
0.0315495
0.0315624
0.0315803
0.0315979
0.031622
0.0316444
0.0316744
0.0317016
0.0317373
0.0317697
0.0318103
0.0318489
0.0318927
0.0319399
0.0319824
0.032045
0.0320786
0.0321618
0.0321845
0.032289
0.0316433
0.031646
0.0316517
0.0316594
0.031671
0.0316836
0.0317012
0.0317186
0.0317422
0.0317642
0.0317938
0.0318204
0.0318556
0.0318873
0.0319274
0.031965
0.0320084
0.0320541
0.032097
0.0321572
0.0321913
0.0322721
0.0322948
0.0323971
0.031776
0.0317786
0.0317842
0.0317918
0.0318032
0.0318156
0.0318329
0.0318499
0.0318731
0.0318946
0.0319237
0.0319498
0.0319844
0.0320153
0.0320547
0.0320913
0.0321343
0.0321785
0.0322214
0.0322792
0.0323139
0.032392
0.0324148
0.0325146
0.0319192
0.0319219
0.0319273
0.0319348
0.031946
0.0319581
0.031975
0.0319917
0.0320144
0.0320355
0.032064
0.0320895
0.0321235
0.0321536
0.0321925
0.032228
0.0322704
0.0323131
0.032356
0.0324115
0.0324467
0.0325221
0.0325449
0.0326422
0.0320734
0.032076
0.0320814
0.0320887
0.0320996
0.0321115
0.032128
0.0321443
0.0321666
0.0321871
0.032215
0.0322398
0.0322732
0.0323024
0.0323406
0.032375
0.0324169
0.032458
0.0325007
0.0325537
0.0325893
0.0326619
0.0326851
0.0327796
0.0322384
0.032241
0.0322462
0.0322534
0.032264
0.0322756
0.0322918
0.0323076
0.0323293
0.0323493
0.0323766
0.0324007
0.0324333
0.0324617
0.0324992
0.0325325
0.0325737
0.0326134
0.0326557
0.0327064
0.0327423
0.0328118
0.0328355
0.0329271
0.0324145
0.032417
0.0324221
0.0324291
0.0324395
0.0324508
0.0324665
0.0324819
0.0325031
0.0325225
0.0325491
0.0325724
0.0326043
0.0326317
0.0326684
0.0327005
0.032741
0.0327791
0.032821
0.0328692
0.0329054
0.032972
0.032996
0.0330845
0.0326016
0.032604
0.032609
0.0326158
0.0326259
0.0326369
0.0326522
0.0326671
0.0326876
0.0327064
0.0327323
0.0327548
0.0327858
0.0328124
0.0328482
0.0328791
0.0329188
0.0329554
0.0329967
0.0330425
0.033079
0.0331425
0.0331668
0.0332522
0.0328
0.0328025
0.0328073
0.0328139
0.0328237
0.0328343
0.0328491
0.0328635
0.0328834
0.0329015
0.0329266
0.0329483
0.0329785
0.0330039
0.0330388
0.0330684
0.0331072
0.0331422
0.0331829
0.0332263
0.0332628
0.0333233
0.0333478
0.03343
0.0330096
0.033012
0.0330167
0.033023
0.0330325
0.0330427
0.033057
0.0330709
0.0330902
0.0331076
0.0331319
0.0331527
0.0331819
0.0332063
0.0332402
0.0332685
0.0333063
0.0333397
0.0333797
0.0334207
0.0334573
0.0335145
0.0335394
0.0336183
0.0332308
0.0332331
0.0332376
0.0332438
0.0332529
0.0332627
0.0332765
0.0332898
0.0333084
0.033325
0.0333485
0.0333684
0.0333967
0.0334198
0.0334527
0.0334796
0.0335164
0.033548
0.0335871
0.0336258
0.0336622
0.0337163
0.0337413
0.0338168
0.0334633
0.0334656
0.0334699
0.0334758
0.0334845
0.0334939
0.0335071
0.0335198
0.0335377
0.0335536
0.0335762
0.0335951
0.0336224
0.0336445
0.0336763
0.0337018
0.0337374
0.0337672
0.0338054
0.0338419
0.033878
0.0339287
0.033954
0.0340258
0.0337076
0.0337099
0.033714
0.0337197
0.033728
0.0337369
0.0337496
0.0337616
0.0337787
0.0337938
0.0338154
0.0338334
0.0338596
0.0338804
0.0339111
0.0339351
0.0339696
0.0339976
0.0340347
0.0340688
0.0341046
0.034152
0.0341773
0.0342453
0.0339634
0.0339656
0.0339696
0.033975
0.0339829
0.0339914
0.0340034
0.0340148
0.0340311
0.0340453
0.034066
0.0340829
0.034108
0.0341277
0.0341572
0.0341797
0.034213
0.0342392
0.0342752
0.034307
0.0343423
0.0343863
0.0344115
0.0344756
0.0342312
0.0342334
0.0342371
0.0342423
0.0342498
0.0342578
0.0342692
0.0342799
0.0342954
0.0343087
0.0343284
0.0343442
0.0343682
0.0343865
0.0344147
0.0344357
0.0344678
0.0344921
0.034527
0.0345563
0.034591
0.0346316
0.0346567
0.0347169
0.0345106
0.0345127
0.0345163
0.0345212
0.0345282
0.0345358
0.0345465
0.0345566
0.0345712
0.0345836
0.0346023
0.034617
0.0346398
0.0346568
0.0346838
0.0347033
0.0347341
0.0347565
0.0347901
0.0348171
0.034851
0.0348881
0.0349132
0.0349697
0.0348022
0.0348043
0.0348077
0.0348122
0.0348189
0.034826
0.0348361
0.0348454
0.0348592
0.0348707
0.0348883
0.0349018
0.0349235
0.034939
0.0349647
0.0349825
0.0350119
0.0350324
0.0350648
0.0350894
0.0351223
0.0351559
0.035181
0.0352334
0.0351056
0.0351076
0.0351108
0.0351151
0.0351213
0.0351279
0.0351374
0.035146
0.0351589
0.0351694
0.035186
0.0351984
0.0352188
0.035233
0.0352573
0.0352734
0.0353015
0.03532
0.0353511
0.0353733
0.0354052
0.0354352
0.0354599
0.0355087
0.0354214
0.0354234
0.0354263
0.0354303
0.0354362
0.0354422
0.035451
0.0354589
0.035471
0.0354806
0.0354961
0.0355073
0.0355265
0.0355391
0.035562
0.0355764
0.035603
0.0356195
0.0356492
0.035669
0.0356998
0.0357263
0.035751
0.0357951
0.0357491
0.035751
0.0357538
0.0357575
0.0357629
0.0357684
0.0357766
0.0357838
0.0357949
0.0358036
0.0358181
0.035828
0.035846
0.0358573
0.0358788
0.0358914
0.0359166
0.035931
0.0359592
0.0359765
0.0360062
0.0360293
0.0360539
0.0360933
0.0360895
0.0360913
0.0360939
0.0360973
0.0361022
0.0361072
0.0361147
0.0361212
0.0361315
0.0361392
0.0361526
0.0361613
0.036178
0.0361877
0.0362079
0.0362187
0.0362424
0.0362547
0.0362814
0.0362962
0.0363245
0.0363444
0.0363687
0.0364036
0.0364419
0.0364437
0.036446
0.0364491
0.0364536
0.0364581
0.036465
0.0364706
0.0364801
0.0364868
0.0364991
0.0365067
0.0365222
0.0365305
0.0365494
0.0365584
0.0365806
0.0365907
0.0366159
0.0366281
0.036655
0.0366717
0.0366956
0.036726
0.0368071
0.0368088
0.0368109
0.0368138
0.0368179
0.0368218
0.036828
0.0368329
0.0368415
0.0368472
0.0368585
0.0368648
0.0368791
0.0368858
0.0369033
0.0369106
0.0369313
0.0369393
0.0369629
0.0369725
0.036998
0.0370114
0.037035
0.0370604
0.0371845
0.0371862
0.0371881
0.0371907
0.0371943
0.0371978
0.0372033
0.0372075
0.0372152
0.0372199
0.0372301
0.0372352
0.0372482
0.0372536
0.0372697
0.0372752
0.0372945
0.0373004
0.0373225
0.0373295
0.0373535
0.0373636
0.0373865
0.0374074
0.0375749
0.0375766
0.0375783
0.0375806
0.0375838
0.0375868
0.0375916
0.0375951
0.0376019
0.0376057
0.0376148
0.0376187
0.0376304
0.0376342
0.0376489
0.0376526
0.0376704
0.0376742
0.0376949
0.0376993
0.0377219
0.0377287
0.0377508
0.0377668
0.0379778
0.0379793
0.0379809
0.0379829
0.0379857
0.0379882
0.0379924
0.0379952
0.0380011
0.038004
0.038012
0.0380147
0.0380251
0.0380276
0.0380409
0.0380428
0.0380591
0.0380607
0.0380799
0.0380818
0.038103
0.0381067
0.0381275
0.0381389
0.0383938
0.0383953
0.0383967
0.0383985
0.0384008
0.0384029
0.0384064
0.0384085
0.0384136
0.0384155
0.0384224
0.0384239
0.0384331
0.0384339
0.0384458
0.0384459
0.0384607
0.0384602
0.0384779
0.0384772
0.0384971
0.0384977
0.0385175
0.0385239
0.0388225
0.0388239
0.0388251
0.0388266
0.0388286
0.0388302
0.0388331
0.0388345
0.0388387
0.0388397
0.0388456
0.0388459
0.0388539
0.0388533
0.0388638
0.0388621
0.0388754
0.0388726
0.0388888
0.0388855
0.038904
0.0389014
0.0389202
0.038922
0.0392646
0.039266
0.039267
0.0392683
0.0392698
0.0392709
0.0392732
0.039274
0.0392773
0.0392774
0.0392823
0.0392814
0.0392881
0.039286
0.0392951
0.0392915
0.0393034
0.0392983
0.039313
0.0393069
0.039324
0.0393183
0.0393361
0.0393336
0.0397196
0.039721
0.0397218
0.0397228
0.039724
0.0397246
0.0397263
0.0397263
0.0397288
0.039728
0.0397318
0.0397298
0.0397353
0.0397318
0.0397396
0.0397341
0.0397446
0.0397372
0.0397505
0.0397416
0.0397573
0.0397482
0.0397647
0.0397586
0.0401883
0.0401897
0.0401903
0.0401911
0.0401918
0.0401919
0.040193
0.0401923
0.040194
0.0401923
0.040195
0.0401918
0.0401962
0.0401911
0.0401975
0.0401902
0.0401993
0.0401896
0.0402016
0.0401899
0.0402042
0.0401916
0.0402071
0.0401965
0.0406702
0.0406715
0.040672
0.0406724
0.0406727
0.0406724
0.0406728
0.0406715
0.0406723
0.0406696
0.0406713
0.040667
0.0406701
0.0406637
0.0406688
0.0406597
0.0406675
0.0406555
0.0406662
0.0406515
0.0406647
0.0406484
0.040663
0.0406478
0.041166
0.0411673
0.0411675
0.0411678
0.0411676
0.0411668
0.0411666
0.0411645
0.0411645
0.0411609
0.0411615
0.041156
0.0411579
0.0411498
0.0411537
0.0411427
0.0411492
0.0411349
0.0411444
0.0411268
0.041139
0.041119
0.041133
0.041113
0.0416751
0.0416764
0.0416764
0.0416764
0.0416758
0.0416746
0.0416736
0.0416709
0.04167
0.0416655
0.041665
0.0416583
0.041659
0.0416496
0.0416521
0.0416393
0.0416444
0.0416279
0.041636
0.0416156
0.0416269
0.0416032
0.0416165
0.0415922
0.0421984
0.0421996
0.0421995
0.0421991
0.0421982
0.0421964
0.0421948
0.0421914
0.0421896
0.0421841
0.0421826
0.0421747
0.0421741
0.0421631
0.0421642
0.0421496
0.0421534
0.0421345
0.0421415
0.042118
0.0421287
0.0421011
0.0421141
0.0420848
0.0427351
0.0427362
0.0427359
0.0427353
0.0427339
0.0427317
0.0427294
0.0427253
0.0427226
0.0427162
0.0427136
0.0427045
0.0427027
0.0426904
0.0426902
0.0426736
0.0426761
0.0426548
0.0426606
0.042634
0.042644
0.0426126
0.0426256
0.042591
0.043286
0.0432871
0.0432866
0.0432857
0.0432839
0.0432812
0.0432783
0.0432734
0.0432699
0.0432625
0.0432589
0.0432485
0.0432455
0.0432315
0.04323
0.0432115
0.0432127
0.043189
0.0431939
0.043164
0.0431734
0.0431378
0.0431511
0.0431114
0.0438503
0.0438514
0.0438507
0.0438496
0.0438473
0.0438441
0.0438405
0.0438349
0.0438306
0.0438222
0.0438176
0.043806
0.0438018
0.0437864
0.0437836
0.0437633
0.0437632
0.0437369
0.043741
0.0437077
0.0437166
0.0436763
0.0436905
0.0436456
0.0444289
0.04443
0.0444291
0.0444277
0.044425
0.0444213
0.0444171
0.0444108
0.0444055
0.0443962
0.0443906
0.0443777
0.0443724
0.0443552
0.0443513
0.0443289
0.0443278
0.0442987
0.0443023
0.0442656
0.0442743
0.0442293
0.0442438
0.044194
0.0450208
0.0450218
0.0450208
0.0450191
0.045016
0.0450118
0.045007
0.045
0.0449939
0.0449837
0.044977
0.0449629
0.0449565
0.0449378
0.0449329
0.0449084
0.0449063
0.0448745
0.0448774
0.044837
0.0448462
0.0447963
0.0448107
0.0447564
0.0456269
0.0456278
0.0456266
0.0456247
0.0456211
0.0456166
0.0456111
0.0456034
0.0455965
0.0455853
0.0455777
0.0455623
0.0455549
0.0455344
0.0455286
0.0455017
0.045499
0.0454644
0.0454669
0.0454222
0.0454321
0.0453781
0.0453919
0.0453332
0.046246
0.0462469
0.0462455
0.0462434
0.0462394
0.0462344
0.0462283
0.04622
0.0462124
0.0462002
0.0461917
0.046175
0.0461667
0.0461446
0.0461381
0.0461087
0.0461058
0.0460678
0.0460707
0.0460216
0.0460314
0.0459738
0.045987
0.0459241
0.046879
0.0468799
0.0468783
0.046876
0.0468716
0.0468662
0.0468595
0.0468506
0.0468422
0.0468291
0.0468199
0.0468018
0.0467929
0.0467685
0.0467617
0.0467294
0.046727
0.0466847
0.0466885
0.0466361
0.0466446
0.0465841
0.0465966
0.0465296
0.0475248
0.0475257
0.0475239
0.0475214
0.0475166
0.0475109
0.0475036
0.047494
0.047485
0.0474709
0.0474612
0.0474415
0.0474324
0.0474058
0.0473993
0.0473636
0.0473621
0.0473162
0.0473191
0.0472644
0.0472718
0.0472083
0.04722
0.0471491
0.048184
0.048185
0.0481831
0.0481804
0.0481752
0.0481692
0.0481614
0.0481512
0.0481417
0.0481264
0.0481166
0.0480948
0.0480862
0.0480566
0.0480507
0.0480121
0.0480097
0.0479625
0.0479639
0.047907
0.0479133
0.0478469
0.0478579
0.0477832
0.0488555
0.0488566
0.0488545
0.0488517
0.0488462
0.0488399
0.0488316
0.0488208
0.0488111
0.0487943
0.0487849
0.0487607
0.0487528
0.0487209
0.0487147
0.0486747
0.048671
0.0486221
0.0486222
0.0485634
0.0485684
0.0484994
0.0485096
0.0484313
0.0495403
0.0495415
0.0495389
0.0495364
0.0495303
0.049524
0.0495151
0.0495035
0.0494941
0.0494757
0.0494664
0.049441
0.0494321
0.0493993
0.0493918
0.0493507
0.0493458
0.0492955
0.0492946
0.0492338
0.0492377
0.0491662
0.0491756
0.0490938
0.0502369
0.0502381
0.0502353
0.0502329
0.0502262
0.0502201
0.0502105
0.0501988
0.0501886
0.0501699
0.0501597
0.0501338
0.050124
0.0500906
0.0500821
0.05004
0.0500339
0.0499824
0.0499799
0.0499176
0.0499204
0.0498465
0.0498552
0.0497701
0.0509462
0.0509474
0.0509447
0.050942
0.0509353
0.0509288
0.0509186
0.0509075
0.050896
0.0508772
0.0508663
0.0508399
0.0508293
0.0507949
0.0507854
0.0507425
0.0507352
0.0506825
0.0506792
0.0506152
0.0506169
0.0505409
0.0505489
0.0504607
0.0516669
0.0516682
0.0516655
0.0516626
0.0516558
0.0516492
0.0516386
0.0516277
0.0516146
0.0515969
0.0515844
0.0515579
0.0515465
0.0515118
0.0515015
0.0514576
0.0514495
0.0513957
0.0513911
0.0513257
0.0513265
0.0512485
0.0512557
0.0511646
0.0524001
0.0524014
0.0523987
0.0523958
0.0523889
0.0523821
0.0523713
0.0523603
0.0523463
0.0523292
0.052315
0.0522892
0.0522765
0.0522414
0.05223
0.0521857
0.0521765
0.0521218
0.0521164
0.0520496
0.0520494
0.0519696
0.0519761
0.0518824
0.0531444
0.0531458
0.0531431
0.0531401
0.0531331
0.0531262
0.0531152
0.0531041
0.0530895
0.0530727
0.0530573
0.0530321
0.0530178
0.0529831
0.0529709
0.0529259
0.0529159
0.0528602
0.0528537
0.0527859
0.0527847
0.0527033
0.0527091
0.0526129
0.0539011
0.0539025
0.0538998
0.0538967
0.0538897
0.0538828
0.0538714
0.0538603
0.0538453
0.0538287
0.0538122
0.0537874
0.053772
0.053737
0.0537236
0.0536785
0.0536675
0.053611
0.0536038
0.0535348
0.0535328
0.0534499
0.053455
0.0533566
0.0546687
0.0546702
0.0546674
0.0546644
0.0546573
0.0546503
0.0546388
0.0546276
0.0546121
0.0545956
0.0545783
0.0545537
0.0545373
0.0545024
0.0544881
0.0544425
0.0544308
0.0543734
0.0543653
0.0542953
0.0542924
0.0542083
0.0542127
0.0541124
0.0554487
0.0554503
0.0554475
0.0554445
0.0554372
0.0554301
0.0554183
0.055407
0.0553911
0.0553747
0.0553566
0.055332
0.0553145
0.0552795
0.0552643
0.055218
0.0552055
0.0551476
0.0551389
0.0550678
0.0550641
0.0549789
0.0549825
0.0548805
0.0562397
0.0562414
0.0562385
0.0562355
0.056228
0.0562208
0.0562087
0.0561972
0.0561808
0.0561644
0.0561453
0.0561208
0.0561024
0.0560673
0.0560514
0.0560044
0.0559913
0.0559327
0.055923
0.0558511
0.0558466
0.0557603
0.0557632
0.0556598
0.0570431
0.0570448
0.0570418
0.0570387
0.057031
0.0570236
0.0570111
0.0569994
0.0569824
0.0569658
0.0569456
0.0569212
0.0569016
0.0568661
0.0568495
0.0568015
0.0567878
0.0567288
0.0567183
0.0566456
0.0566402
0.0565532
0.0565554
0.0564507
0.0578572
0.0578589
0.0578557
0.0578525
0.0578444
0.0578368
0.0578238
0.0578117
0.0577941
0.0577771
0.0577558
0.0577315
0.0577105
0.0576754
0.0576576
0.0576089
0.0575947
0.0575348
0.0575234
0.0574501
0.057444
0.0573561
0.0573577
0.057252
0.0586829
0.0586846
0.0586812
0.0586778
0.0586693
0.0586612
0.0586478
0.058635
0.0586168
0.0585993
0.0585768
0.0585527
0.0585298
0.0584949
0.0584753
0.058427
0.0584119
0.0583511
0.0583389
0.0582655
0.0582585
0.05817
0.0581709
0.0580644
0.0595176
0.0595193
0.0595157
0.059512
0.0595033
0.0594946
0.0594807
0.0594673
0.0594484
0.0594302
0.0594068
0.0593827
0.0593581
0.0593241
0.059302
0.0592549
0.0592383
0.0591766
0.0591638
0.0590905
0.0590825
0.0589937
0.058994
0.0588868
0.0603613
0.060363
0.0603594
0.0603553
0.0603464
0.0603373
0.060323
0.0603091
0.0602896
0.0602709
0.0602468
0.0602225
0.0601962
0.0601627
0.0601385
0.0600924
0.060074
0.0600126
0.0599994
0.0599259
0.059917
0.0598281
0.0598279
0.0597204
0.0612103
0.061212
0.0612084
0.0612042
0.0611954
0.0611861
0.0611717
0.0611575
0.0611378
0.0611189
0.0610942
0.0610699
0.0610426
0.0610102
0.060984
0.0609392
0.0609181
0.060859
0.060844
0.0607702
0.060761
0.0606725
0.0606717
0.0605641
0.062064
0.0620658
0.0620625
0.0620584
0.0620499
0.0620408
0.0620267
0.0620127
0.0619933
0.0619747
0.0619501
0.0619261
0.0618982
0.0618664
0.0618388
0.0617957
0.0617724
0.0617154
0.0616991
0.0616255
0.061616
0.0615279
0.0615269
0.0614194
0.0629189
0.0629208
0.0629179
0.0629143
0.0629064
0.062898
0.0628848
0.0628717
0.0628532
0.0628355
0.0628117
0.0627887
0.0627614
0.062731
0.0627028
0.0626616
0.0626367
0.0625814
0.0625636
0.0624909
0.0624813
0.0623935
0.0623924
0.0622854
0.0637758
0.0637779
0.0637756
0.0637727
0.0637658
0.0637587
0.0637467
0.0637351
0.0637182
0.0637021
0.0636799
0.0636586
0.0636324
0.0636037
0.0635761
0.063537
0.0635116
0.0634587
0.0634391
0.0633689
0.0633586
0.0632708
0.0632699
0.0631633
0.0646339
0.0646362
0.0646345
0.0646326
0.0646269
0.0646211
0.0646109
0.0646011
0.0645862
0.0645723
0.0645523
0.0645334
0.0645096
0.0644835
0.0644575
0.0644212
0.0643962
0.0643462
0.064326
0.0642579
0.0642472
0.0641594
0.0641586
0.064052
0.0654982
0.0655008
0.0654996
0.0654987
0.065494
0.0654897
0.065481
0.0654732
0.0654603
0.0654487
0.0654311
0.065415
0.0653932
0.06537
0.0653467
0.0653133
0.0652905
0.0652435
0.0652252
0.0651589
0.0651493
0.0650616
0.065061
0.0649533
0.0663723
0.0663754
0.0663743
0.0663744
0.0663701
0.0663672
0.0663593
0.0663532
0.0663416
0.0663321
0.0663162
0.0663027
0.0662833
0.0662629
0.0662429
0.0662113
0.066193
0.0661468
0.0661336
0.0660679
0.0660627
0.065976
0.0659766
0.0658683
0.0672661
0.06727
0.0672681
0.0672695
0.0672639
0.0672628
0.0672534
0.0672496
0.0672366
0.0672296
0.0672133
0.0672017
0.0671829
0.067164
0.067148
0.0671137
0.0671054
0.0670536
0.067051
0.066983
0.0669846
0.0669002
0.0669045
0.0668019
0.0681868
0.0681903
0.0681892
0.0681886
0.0681842
0.0681803
0.0681722
0.0681653
0.0681533
0.0681436
0.0681278
0.0681151
0.0680959
0.0680788
0.0680602
0.0680287
0.0680202
0.0679703
0.0679689
0.0679028
0.0679081
0.0678256
0.0678346
0.0677397
0.0691448
0.0691481
0.0691465
0.0691449
0.069139
0.0691333
0.0691231
0.0691139
0.0690993
0.0690868
0.0690684
0.0690528
0.0690305
0.0690115
0.0689882
0.0689602
0.0689436
0.0688984
0.068894
0.068828
0.0688352
0.068751
0.0687634
0.0686688
0.0701444
0.0701477
0.0701451
0.0701421
0.0701343
0.0701262
0.0701129
0.0701003
0.0700818
0.0700651
0.0700419
0.0700215
0.0699945
0.0699707
0.0699416
0.0699104
0.0698868
0.0698405
0.0698308
0.0697614
0.0697688
0.0696795
0.0696943
0.0695956
0.0711911
0.071195
0.071191
0.0711869
0.0711765
0.0711662
0.0711493
0.0711331
0.0711096
0.0710882
0.0710588
0.0710326
0.0709979
0.0709672
0.0709299
0.0708916
0.0708598
0.0708062
0.0707905
0.0707123
0.070717
0.0706191
0.0706346
0.0705274
0.0722825
0.0722877
0.0722818
0.0722771
0.0722642
0.0722522
0.0722313
0.0722127
0.0721832
0.0721591
0.0721212
0.0720914
0.0720472
0.0720099
0.0719631
0.0719151
0.0718748
0.0718059
0.0717832
0.071691
0.0716885
0.0715772
0.0715902
0.0714693
0.0734175
0.0734233
0.0734182
0.0734109
0.0733979
0.0733827
0.0733612
0.0733377
0.0733074
0.0732761
0.0732371
0.0731983
0.0731501
0.0731041
0.0730486
0.0729945
0.0729365
0.0728633
0.0728227
0.072718
0.0727008
0.0725708
0.0725756
0.0724328
0.0745876
0.0745944
0.0745892
0.0745809
0.0745673
0.0745511
0.0745282
0.0745032
0.0744707
0.074437
0.074395
0.0743529
0.074301
0.07425
0.0741891
0.0741279
0.0740587
0.0739844
0.0739164
0.0738135
0.0737699
0.0736224
0.0736107
0.0734346
0.0757872
0.0757952
0.07579
0.0757813
0.0757676
0.0757512
0.0757279
0.0757022
0.0756692
0.0756346
0.0755915
0.0755482
0.0754941
0.0754408
0.0753777
0.0753132
0.0752401
0.0751622
0.0750834
0.0749826
0.0749093
0.0747649
0.0747261
0.0745124
0.0770053
0.0770144
0.0770092
0.0770005
0.0769873
0.0769712
0.0769482
0.0769229
0.0768904
0.0768562
0.0768136
0.0767706
0.0767178
0.0766645
0.0766021
0.0765379
0.0764649
0.0763869
0.0763078
0.0762083
0.0761291
0.0759929
0.0759365
0.0757111
0.078236
0.0782458
0.0782408
0.0782327
0.0782201
0.0782048
0.0781826
0.0781585
0.078127
0.0780944
0.0780531
0.0780118
0.0779604
0.0779092
0.0778487
0.0777876
0.0777169
0.0776424
0.0775682
0.07747
0.0774027
0.0772648
0.077225
0.0770269
0.0794688
0.0794787
0.0794739
0.0794667
0.0794549
0.0794406
0.0794197
0.0793971
0.0793673
0.0793366
0.0792974
0.0792586
0.0792102
0.0791623
0.0791045
0.0790476
0.0789801
0.0789101
0.0788405
0.0787482
0.0786865
0.0785563
0.0785194
0.0783358
0.0807004
0.0807084
0.0807043
0.0806984
0.0806873
0.0806743
0.0806547
0.080634
0.0806059
0.0805777
0.0805409
0.0805049
0.0804589
0.0804147
0.0803603
0.0803077
0.0802446
0.0801802
0.0801149
0.0800295
0.0799722
0.0798519
0.0798173
0.0796475
0.0819208
0.0819263
0.0819229
0.0819184
0.0819079
0.0818965
0.0818782
0.0818597
0.0818333
0.081808
0.0817733
0.081741
0.0816981
0.0816583
0.0816072
0.0815589
0.0815004
0.0814414
0.0813805
0.0813014
0.0812497
0.0811387
0.0811064
0.0809503
0.0831261
0.0831312
0.0831277
0.083125
0.0831146
0.0831054
0.0830877
0.0830722
0.0830467
0.0830253
0.0829917
0.0829642
0.0829223
0.0828881
0.0828392
0.0827968
0.0827424
0.0826889
0.0826336
0.0825603
0.082513
0.0824121
0.0823819
0.0822396
0.0843099
0.0843147
0.0843116
0.0843101
0.0843001
0.084293
0.084276
0.0842635
0.0842388
0.0842215
0.0841887
0.0841667
0.084126
0.0840985
0.0840504
0.0840154
0.0839627
0.0839158
0.0838647
0.0837986
0.083755
0.0836639
0.0836359
0.083507
0.0854717
0.0854769
0.0854746
0.085473
0.0854653
0.0854579
0.0854442
0.0854316
0.0854112
0.085394
0.0853663
0.0853447
0.085309
0.0852833
0.0852405
0.0852092
0.0851613
0.0851206
0.0850724
0.0850138
0.0849741
0.0848928
0.0848669
0.0847509
0.0866064
0.0866114
0.0866099
0.0866086
0.0866023
0.0865956
0.086584
0.0865724
0.086555
0.086539
0.0865153
0.0864953
0.086465
0.0864408
0.0864038
0.0863745
0.0863319
0.0862958
0.0862508
0.0862021
0.086164
0.0860921
0.0860684
0.0859649
0.0877147
0.0877196
0.0877186
0.0877178
0.0877125
0.0877069
0.0876969
0.0876868
0.0876717
0.0876575
0.0876368
0.0876186
0.0875919
0.0875702
0.0875376
0.087512
0.0874742
0.0874426
0.087402
0.0873606
0.087325
0.0872621
0.0872405
0.0871491
0.0887909
0.0887958
0.0887952
0.0887949
0.0887907
0.088786
0.0887775
0.0887689
0.0887559
0.0887436
0.0887256
0.0887102
0.0886871
0.0886682
0.0886396
0.088617
0.0885834
0.0885564
0.0885197
0.0884849
0.0884512
0.0883981
0.0883784
0.0882985
0.0898376
0.0898423
0.0898423
0.0898424
0.0898391
0.0898354
0.0898283
0.0898211
0.0898099
0.0897996
0.089784
0.0897704
0.0897502
0.089734
0.0897091
0.0896902
0.0896609
0.089638
0.0896059
0.0895762
0.0895452
0.0895014
0.089483
0.0894144
0.0908495
0.0908543
0.0908546
0.0908552
0.0908526
0.0908499
0.090844
0.0908382
0.0908289
0.0908203
0.0908071
0.0907963
0.090779
0.0907656
0.090744
0.0907278
0.0907023
0.0906832
0.0906548
0.0906311
0.0906027
0.0905671
0.0905503
0.0904921
0.0918303
0.0918349
0.0918355
0.0918365
0.0918347
0.0918328
0.0918281
0.0918236
0.0918159
0.091809
0.0917979
0.0917886
0.0917739
0.091763
0.0917446
0.0917319
0.0917101
0.0916946
0.0916703
0.0916504
0.0916264
0.0915981
0.0915826
0.0915339
0.0927747
0.0927794
0.0927803
0.0927816
0.0927805
0.0927794
0.0927759
0.0927726
0.0927663
0.0927611
0.0927521
0.0927454
0.0927332
0.0927247
0.0927091
0.0926989
0.0926803
0.0926683
0.0926474
0.0926323
0.0926113
0.0925894
0.0925757
0.0925356
0.0936874
0.0936919
0.093693
0.0936947
0.0936942
0.0936938
0.0936913
0.0936891
0.0936843
0.0936805
0.0936731
0.0936677
0.0936578
0.0936515
0.0936388
0.0936317
0.0936163
0.0936075
0.0935902
0.0935787
0.0935616
0.0935448
0.0935323
0.0935011
0.0945633
0.0945678
0.0945691
0.0945711
0.0945711
0.0945714
0.0945698
0.0945687
0.0945651
0.0945628
0.0945574
0.0945542
0.0945464
0.0945422
0.0945319
0.0945268
0.0945142
0.0945084
0.094494
0.0944866
0.0944723
0.0944603
0.0944497
0.0944264
0.0954075
0.0954118
0.0954133
0.0954156
0.0954162
0.095417
0.0954163
0.0954161
0.0954137
0.0954127
0.0954084
0.0954064
0.0954005
0.0953983
0.0953904
0.0953881
0.0953781
0.0953751
0.0953637
0.0953594
0.0953481
0.0953403
0.095332
0.0953157
0.0962154
0.0962195
0.0962212
0.0962237
0.0962247
0.0962262
0.0962261
0.0962268
0.0962256
0.0962256
0.0962234
0.0962232
0.0962191
0.0962186
0.0962126
0.096212
0.0962044
0.096204
0.0961951
0.0961941
0.0961853
0.0961814
0.0961753
0.0961654
0.0969923
0.0969962
0.0969981
0.0970008
0.0970022
0.0970041
0.0970048
0.0970063
0.097006
0.0970072
0.0970055
0.0970065
0.097004
0.0970052
0.0970015
0.0970032
0.0969979
0.0969998
0.0969934
0.0969952
0.0969889
0.0969888
0.0969849
0.0969803
0.0977337
0.0977375
0.0977395
0.0977423
0.097744
0.0977464
0.0977477
0.0977499
0.0977505
0.0977527
0.0977529
0.0977553
0.0977543
0.0977569
0.0977546
0.0977578
0.0977545
0.0977586
0.0977544
0.0977589
0.0977548
0.0977582
0.0977561
0.0977564
0.0984454
0.098449
0.0984511
0.0984541
0.0984562
0.098459
0.0984608
0.0984636
0.0984651
0.0984681
0.0984686
0.0984719
0.0984722
0.0984764
0.098476
0.0984811
0.0984796
0.0984857
0.0984834
0.0984904
0.0984881
0.0984947
0.0984942
0.0984991
0.0991231
0.0991266
0.0991287
0.0991317
0.099134
0.0991371
0.0991394
0.0991428
0.099145
0.0991488
0.0991511
0.0991556
0.099157
0.0991621
0.0991628
0.0991692
0.0991693
0.0991771
0.0991765
0.0991856
0.0991851
0.0991946
0.0991952
0.0992043
0.0997725
0.0997759
0.099778
0.0997813
0.0997838
0.0997873
0.09979
0.0997939
0.0997967
0.0998011
0.0998034
0.0998087
0.0998112
0.0998178
0.09982
0.0998278
0.0998293
0.0998387
0.0998397
0.0998508
0.0998516
0.0998637
0.0998653
0.0998782
0.10039
0.100393
0.100395
0.100398
0.100401
0.100405
0.100408
0.100412
0.100415
0.100421
0.100424
0.100431
0.100434
0.100441
0.100444
0.100453
0.100456
0.100466
0.100469
0.100482
0.100484
0.100498
0.1005
0.100516
0.10098
0.100984
0.100986
0.100989
0.100992
0.100996
0.100999
0.101004
0.101008
0.101013
0.101017
0.101024
0.101028
0.101037
0.101041
0.101051
0.101055
0.101067
0.10107
0.101084
0.101087
0.101104
0.101107
0.101126
0.101541
0.101544
0.101546
0.101549
0.101552
0.101556
0.10156
0.101565
0.101569
0.101576
0.101581
0.101588
0.101593
0.101601
0.101606
0.101617
0.101622
0.101635
0.101639
0.101655
0.101659
0.101677
0.101681
0.101702
0.102077
0.10208
0.102082
0.102085
0.102088
0.102093
0.102097
0.102102
0.102106
0.102113
0.102118
0.102126
0.102131
0.102141
0.102147
0.102159
0.102164
0.102178
0.102183
0.1022
0.102205
0.102225
0.102229
0.102253
0.102585
0.102587
0.102589
0.102593
0.102596
0.1026
0.102604
0.10261
0.102615
0.102622
0.102628
0.102636
0.102642
0.102652
0.102658
0.10267
0.102677
0.102691
0.102697
0.102715
0.10272
0.102742
0.102747
0.102772
0.10307
0.103072
0.103074
0.103078
0.103081
0.103086
0.10309
0.103096
0.103101
0.103108
0.103113
0.103122
0.103129
0.10314
0.103147
0.10316
0.103166
0.103182
0.103189
0.103208
0.103213
0.103236
0.103241
0.103268
0.103529
0.103531
0.103533
0.103536
0.10354
0.103544
0.103548
0.103554
0.10356
0.103568
0.103574
0.103583
0.10359
0.103601
0.103608
0.103621
0.103629
0.103645
0.103652
0.103672
0.103678
0.103702
0.103708
0.103735
0.103967
0.103969
0.103971
0.103975
0.103978
0.103983
0.103987
0.103993
0.103999
0.104006
0.104013
0.104022
0.10403
0.104041
0.104049
0.104063
0.104071
0.104087
0.104095
0.104115
0.104122
0.104146
0.104152
0.104182
0.104381
0.104383
0.104386
0.104389
0.104392
0.104396
0.104401
0.104407
0.104413
0.104421
0.104428
0.104437
0.104444
0.104456
0.104464
0.104478
0.104487
0.104504
0.104512
0.104533
0.10454
0.104565
0.104571
0.104601
0.104777
0.104779
0.104781
0.104784
0.104787
0.104792
0.104797
0.104803
0.104808
0.104816
0.104823
0.104833
0.104841
0.104853
0.104862
0.104876
0.104885
0.104902
0.104911
0.104932
0.104939
0.104965
0.104971
0.105003
0.10515
0.105152
0.105154
0.105157
0.10516
0.105165
0.10517
0.105176
0.105182
0.10519
0.105197
0.105207
0.105214
0.105227
0.105235
0.10525
0.105259
0.105276
0.105285
0.105307
0.105314
0.105341
0.105347
0.105379
0.105506
0.105508
0.10551
0.105513
0.105517
0.105521
0.105526
0.105532
0.105538
0.105546
0.105553
0.105564
0.105572
0.105584
0.105593
0.105608
0.105617
0.105635
0.105643
0.105665
0.105673
0.1057
0.105706
0.10574
0.105843
0.105844
0.105846
0.105849
0.105852
0.105857
0.105862
0.105868
0.105874
0.105882
0.105889
0.105899
0.105907
0.105919
0.105928
0.105943
0.105952
0.105971
0.105979
0.106002
0.106009
0.106037
0.106043
0.106076
0.106163
0.106165
0.106166
0.10617
0.106173
0.106178
0.106182
0.106189
0.106195
0.106203
0.10621
0.10622
0.106228
0.106241
0.10625
0.106265
0.106274
0.106293
0.106301
0.106324
0.106331
0.106359
0.106365
0.106398
0.106466
0.106467
0.106469
0.106472
0.106475
0.106479
0.106484
0.106491
0.106496
0.106504
0.106511
0.106522
0.106529
0.106542
0.106551
0.106566
0.106575
0.106594
0.106602
0.106625
0.106632
0.10666
0.106666
0.1067
0.106754
0.106755
0.106757
0.10676
0.106763
0.106768
0.106773
0.106779
0.106785
0.106793
0.1068
0.106811
0.106819
0.106831
0.10684
0.106855
0.106864
0.106883
0.106891
0.106914
0.106922
0.10695
0.106955
0.106989
0.107026
0.107027
0.107029
0.107032
0.107035
0.107039
0.107044
0.10705
0.107056
0.107064
0.107071
0.107081
0.107089
0.107102
0.10711
0.107126
0.107134
0.107153
0.107161
0.107184
0.107192
0.107219
0.107225
0.107259
0.107285
0.107286
0.107288
0.107291
0.107294
0.107299
0.107303
0.107309
0.107315
0.107324
0.10733
0.107341
0.107349
0.107361
0.10737
0.107385
0.107394
0.107413
0.107421
0.107444
0.107451
0.107479
0.107485
0.107518
0.107529
0.10753
0.107532
0.107535
0.107537
0.107542
0.107546
0.107553
0.107558
0.107566
0.107573
0.107583
0.107591
0.107604
0.107612
0.107628
0.107636
0.107655
0.107663
0.107686
0.107693
0.107721
0.107726
0.10776
0.107762
0.107763
0.107765
0.107768
0.107771
0.107775
0.10778
0.107786
0.107792
0.1078
0.107807
0.107817
0.107824
0.107837
0.107845
0.107861
0.107869
0.107888
0.107896
0.107919
0.107926
0.107954
0.107959
0.107993
0.107981
0.107982
0.107984
0.107986
0.107989
0.107993
0.107998
0.108004
0.108009
0.108017
0.108024
0.108034
0.108042
0.108054
0.108062
0.108078
0.108086
0.108105
0.108113
0.108136
0.108142
0.10817
0.108175
0.108209
0.108191
0.108192
0.108193
0.108196
0.108199
0.108203
0.108207
0.108214
0.108219
0.108227
0.108234
0.108244
0.108251
0.108264
0.108272
0.108287
0.108296
0.108314
0.108322
0.108345
0.108352
0.108378
0.108384
0.108417
0.108387
0.108388
0.108389
0.108392
0.108394
0.108399
0.108403
0.108409
0.108414
0.108422
0.108429
0.108439
0.108446
0.108459
0.108466
0.108482
0.10849
0.108508
0.108516
0.108538
0.108545
0.108572
0.108577
0.10861
0.108575
0.108576
0.108578
0.10858
0.108583
0.108587
0.108591
0.108598
0.108603
0.108611
0.108617
0.108627
0.108634
0.108647
0.108654
0.10867
0.108677
0.108696
0.108703
0.108726
0.108732
0.108759
0.108764
0.108797
0.108751
0.108752
0.108753
0.108755
0.108758
0.108762
0.108766
0.108772
0.108777
0.108786
0.108791
0.108802
0.108808
0.108821
0.108828
0.108844
0.108851
0.10887
0.108876
0.108899
0.108905
0.108932
0.108936
0.108969
0.10892
0.108921
0.108922
0.108925
0.108927
0.108932
0.108936
0.108942
0.108946
0.108955
0.10896
0.108971
0.108977
0.10899
0.108997
0.109012
0.109019
0.109038
0.109045
0.109067
0.109072
0.1091
0.109104
0.109136
0.109077
0.109078
0.109079
0.109082
0.109084
0.109089
0.109092
0.109098
0.109103
0.109111
0.109117
0.109127
0.109133
0.109146
0.109152
0.109168
0.109174
0.109194
0.109199
0.109222
0.109227
0.109254
0.109258
0.10929
0.109229
0.10923
0.109231
0.109234
0.109236
0.10924
0.109244
0.10925
0.109255
0.109263
0.109268
0.109279
0.109284
0.109297
0.109303
0.109319
0.109325
0.109344
0.10935
0.109372
0.109377
0.109404
0.109408
0.109439
0.10937
0.109371
0.109372
0.109374
0.109377
0.109381
0.109384
0.10939
0.109395
0.109403
0.109408
0.109418
0.109424
0.109437
0.109443
0.109459
0.109464
0.109483
0.109488
0.109511
0.109515
0.109542
0.109545
0.109577
0.109506
0.109507
0.109508
0.10951
0.109512
0.109517
0.10952
0.109526
0.10953
0.109539
0.109543
0.109554
0.109559
0.109572
0.109578
0.109594
0.109599
0.109619
0.109623
0.109646
0.109649
0.109676
0.109679
0.109709
0.109632
0.109632
0.109634
0.109636
0.109638
0.109642
0.109646
0.109652
0.109656
0.109664
0.109668
0.109679
0.109684
0.109697
0.109702
0.109718
0.109723
0.109742
0.109746
0.109769
0.109773
0.109799
0.109802
0.109834
0.109753
0.109754
0.109755
0.109757
0.10976
0.109764
0.109767
0.109773
0.109777
0.109785
0.10979
0.1098
0.109805
0.109818
0.109823
0.109839
0.109843
0.109863
0.109867
0.109889
0.109893
0.109919
0.109922
0.109951
0.109866
0.109867
0.109868
0.10987
0.109872
0.109876
0.109879
0.109885
0.109889
0.109897
0.109901
0.109912
0.109916
0.10993
0.109934
0.10995
0.109954
0.109973
0.109977
0.11
0.110003
0.110029
0.110031
0.110063
0.109974
0.109975
0.109976
0.109978
0.10998
0.109985
0.109987
0.109994
0.109997
0.110006
0.110009
0.110021
0.110024
0.110038
0.110042
0.110058
0.110062
0.110081
0.110085
0.110107
0.11011
0.110136
0.110138
0.110166
0.110075
0.110076
0.110077
0.110079
0.110081
0.110085
0.110088
0.110094
0.110097
0.110106
0.110109
0.11012
0.110123
0.110137
0.110141
0.110157
0.11016
0.11018
0.110183
0.110205
0.110208
0.110233
0.110236
0.110266
0.110171
0.110172
0.110173
0.110175
0.110177
0.110181
0.110184
0.11019
0.110193
0.110202
0.110205
0.110216
0.11022
0.110233
0.110237
0.110253
0.110256
0.110275
0.110278
0.110301
0.110303
0.110328
0.110331
0.110358
0.110261
0.110262
0.110263
0.110265
0.110267
0.110271
0.110273
0.11028
0.110282
0.110291
0.110294
0.110305
0.110308
0.110322
0.110325
0.110341
0.110344
0.110363
0.110366
0.110388
0.11039
0.110415
0.110417
0.110447
0.110346
0.110347
0.110348
0.11035
0.110352
0.110356
0.110358
0.110365
0.110367
0.110376
0.110379
0.11039
0.110393
0.110407
0.11041
0.110426
0.110429
0.110448
0.110451
0.110472
0.110475
0.1105
0.110502
0.110529
0.110426
0.110427
0.110427
0.11043
0.110431
0.110436
0.110438
0.110444
0.110447
0.110455
0.110458
0.110469
0.110472
0.110485
0.110488
0.110504
0.110507
0.110526
0.110528
0.11055
0.110552
0.110576
0.110579
0.110607
0.110501
0.110502
0.110503
0.110505
0.110507
0.110511
0.110513
0.11052
0.110522
0.110531
0.110533
0.110544
0.110547
0.11056
0.110563
0.110579
0.110582
0.1106
0.110603
0.110624
0.110627
0.110651
0.110653
0.11068
0.110572
0.110573
0.110573
0.110576
0.110577
0.110581
0.110584
0.11059
0.110592
0.110601
0.110603
0.110614
0.110617
0.11063
0.110633
0.110648
0.110651
0.110669
0.110672
0.110693
0.110695
0.110719
0.110721
0.110748
0.110638
0.110639
0.11064
0.110642
0.110643
0.110647
0.11065
0.110656
0.110658
0.110666
0.110669
0.11068
0.110682
0.110696
0.110698
0.110714
0.110716
0.110735
0.110737
0.110758
0.11076
0.110784
0.110785
0.110812
0.1107
0.110701
0.110702
0.110704
0.110706
0.110709
0.110712
0.110717
0.11072
0.110728
0.110731
0.110741
0.110744
0.110757
0.110759
0.110775
0.110777
0.110795
0.110797
0.110818
0.11082
0.110843
0.110845
0.110872
0.110758
0.110759
0.11076
0.110761
0.110764
0.110767
0.11077
0.110775
0.110778
0.110785
0.110789
0.110798
0.110802
0.110814
0.110817
0.110832
0.110834
0.110852
0.110854
0.110875
0.110877
0.1109
0.110902
0.110928
0.110812
0.110813
0.110814
0.110816
0.110818
0.110821
0.110824
0.110828
0.110832
0.110839
0.110843
0.110852
0.110855
0.110867
0.11087
0.110885
0.110887
0.110905
0.110907
0.110927
0.110929
0.110952
0.110954
0.11098
0.110863
0.110864
0.110865
0.110866
0.110869
0.110871
0.110875
0.110879
0.110883
0.110889
0.110893
0.110901
0.110906
0.110917
0.11092
0.110934
0.110937
0.110954
0.110956
0.110976
0.110978
0.111001
0.111003
0.111029
0.110909
0.11091
0.110911
0.110913
0.110915
0.110918
0.110921
0.110925
0.110929
0.110934
0.110939
0.110947
0.110951
0.110962
0.110966
0.110979
0.110982
0.110999
0.111001
0.111021
0.111023
0.111046
0.111047
0.111073
0.110954
0.110954
0.110955
0.110957
0.110959
0.110962
0.110965
0.110969
0.110973
0.110978
0.110983
0.11099
0.110995
0.111005
0.111009
0.111022
0.111025
0.111041
0.111044
0.111063
0.111065
0.111087
0.111089
0.111115
0.110993
0.110994
0.110995
0.110996
0.110998
0.111001
0.111004
0.111008
0.111012
0.111017
0.111022
0.111029
0.111034
0.111043
0.111048
0.11106
0.111064
0.11108
0.111082
0.111101
0.111103
0.111125
0.111126
0.111152
0.111031
0.111032
0.111033
0.111034
0.111036
0.111039
0.111042
0.111045
0.111049
0.111054
0.111059
0.111065
0.111071
0.111079
0.111085
0.111095
0.1111
0.111114
0.111118
0.111137
0.111138
0.11116
0.111161
0.111187
0.111065
0.111065
0.111066
0.111067
0.111069
0.111072
0.111075
0.111078
0.111082
0.111087
0.111092
0.111098
0.111104
0.111111
0.111117
0.111127
0.111132
0.111146
0.11115
0.111167
0.11117
0.111191
0.111192
0.111218
0.111097
0.111097
0.111098
0.111099
0.111101
0.111104
0.111106
0.11111
0.111114
0.111118
0.111123
0.111128
0.111134
0.111141
0.111148
0.111156
0.111162
0.111175
0.111179
0.111196
0.111198
0.111219
0.111221
0.111246
0.111125
0.111125
0.111126
0.111127
0.111129
0.111131
0.111134
0.111137
0.111141
0.111145
0.11115
0.111155
0.111161
0.111167
0.111174
0.111182
0.111188
0.1112
0.111205
0.11122
0.111224
0.111244
0.111245
0.11127
0.111151
0.111152
0.111153
0.111154
0.111156
0.111158
0.11116
0.111163
0.111167
0.111171
0.111175
0.11118
0.111185
0.111191
0.111198
0.111205
0.111212
0.111222
0.111228
0.111242
0.111246
0.111265
0.111267
0.111292
0.111175
0.111176
0.111176
0.111177
0.111179
0.111181
0.111183
0.111186
0.111189
0.111193
0.111197
0.111202
0.111207
0.111212
0.111218
0.111225
0.111232
0.111241
0.111248
0.111261
0.111265
0.111284
0.111285
0.11131
0.111197
0.111197
0.111198
0.111199
0.111201
0.111202
0.111204
0.111207
0.11121
0.111213
0.111217
0.111221
0.111226
0.111231
0.111237
0.111243
0.11125
0.111258
0.111265
0.111276
0.111281
0.111299
0.111301
0.111325
0.111217
0.111217
0.111217
0.111218
0.11122
0.111221
0.111223
0.111225
0.111228
0.111231
0.111234
0.111238
0.111242
0.111247
0.111252
0.111258
0.111264
0.111271
0.111278
0.111288
0.111294
0.11131
0.111313
0.111337
0.111234
0.111234
0.111235
0.111236
0.111237
0.111238
0.11124
0.111241
0.111244
0.111246
0.111249
0.111252
0.111256
0.11126
0.111264
0.111269
0.111275
0.111281
0.111288
0.111297
0.111304
0.111318
0.111322
0.111345
0.111252
0.111252
0.111252
0.111253
0.111254
0.111255
0.111256
0.111257
0.111259
0.111261
0.111263
0.111266
0.111268
0.111272
0.111275
0.111279
0.111284
0.111289
0.111295
0.111302
0.111309
0.111321
0.111326
0.111349
0.111271
0.111272
0.111272
0.111272
0.111273
0.111273
0.111274
0.111275
0.111276
0.111277
0.111278
0.11128
0.111282
0.111284
0.111286
0.111288
0.111291
0.111295
0.111298
0.111303
0.111308
0.111315
0.111321
0.111339
0.111293
0.111293
0.111293
0.111293
0.111293
0.111293
0.111294
0.111294
0.111294
0.111294
0.111295
0.111295
0.111296
0.111296
0.111297
0.111298
0.111298
0.111299
0.1113
0.111302
0.111303
0.111305
0.111307
0.111314
0.111301
0.111301
0.111301
0.111301
0.111301
0.111301
0.111301
0.111301
0.111301
0.111301
0.111301
0.111301
0.111301
0.111301
0.111301
0.111301
0.111301
0.111301
0.111301
0.111301
0.111301
0.111301
0.111301
0.111301
)
;

boundaryField
{
    asym1
    {
        type            wedge;
    }
    asym2
    {
        type            wedge;
    }
    inlet
    {
        type            calculated;
        value           nonuniform List<scalar> 
24
(
0.111294
0.111294
0.111294
0.111294
0.111294
0.111294
0.111294
0.111294
0.111295
0.111295
0.111295
0.111295
0.111296
0.111296
0.111297
0.111298
0.111298
0.111299
0.1113
0.111301
0.111302
0.111304
0.111306
0.111311
)
;
    }
    nozzle
    {
        type            calculated;
        value           nonuniform List<scalar> 
174
(
0.111301
0.111314
0.111339
0.111349
0.111345
0.111337
0.111325
0.11131
0.111292
0.11127
0.111246
0.111218
0.111187
0.111152
0.111115
0.111073
0.111029
0.11098
0.110928
0.110872
0.110812
0.110748
0.11068
0.110607
0.110529
0.110447
0.110358
0.110266
0.110166
0.110063
0.109951
0.109834
0.109709
0.109577
0.109439
0.10929
0.109136
0.108969
0.108797
0.10861
0.108417
0.108209
0.107993
0.10776
0.107518
0.107259
0.106989
0.1067
0.106398
0.106076
0.10574
0.105379
0.105003
0.104601
0.104182
0.103735
0.103268
0.102772
0.102253
0.101702
0.101126
0.100516
0.0998782
0.0992043
0.0984991
0.0977564
0.0969803
0.0961654
0.0953157
0.0944264
0.0935011
0.0925356
0.0915339
0.0904921
0.0894144
0.0882985
0.0871491
0.0859649
0.0847509
0.083507
0.0822396
0.0809503
0.0796475
0.0783358
0.0770269
0.0757111
0.0745124
0.0734346
0.0724328
0.0714693
0.0705274
0.0695956
0.0686688
0.0677397
0.0668019
0.0658683
0.0649533
0.064052
0.0631633
0.0622854
0.0614194
0.0605641
0.0597204
0.0588868
0.0580644
0.057252
0.0564507
0.0556598
0.0548805
0.0541124
0.0533566
0.0526129
0.0518824
0.0511646
0.0504607
0.0497701
0.0490938
0.0484313
0.0477832
0.0471491
0.0465296
0.0459241
0.0453332
0.0447564
0.044194
0.0436456
0.0431114
0.042591
0.0420848
0.0415922
0.041113
0.0406478
0.0401965
0.0397586
0.0393336
0.038922
0.0385239
0.0381389
0.0377668
0.0374074
0.0370604
0.036726
0.0364036
0.0360933
0.0357951
0.0355087
0.0352334
0.0349697
0.0347169
0.0344756
0.0342453
0.0340258
0.0338168
0.0336183
0.03343
0.0332522
0.0330845
0.0329271
0.0327796
0.0326422
0.0325146
0.0323971
0.032289
0.0321907
0.0321017
0.0320225
0.0319523
0.0318919
0.0318401
0.0317975
0.0317541
0.0317526
0.0317221
0.0317705
)
;
    }
    outlet
    {
        type            calculated;
        value           nonuniform List<scalar> 
24
(
0.0308664
0.0308692
0.0308759
0.030884
0.0308979
0.0309112
0.0309323
0.0309507
0.0309787
0.0310026
0.0310367
0.0310668
0.0311057
0.0311435
0.0311849
0.0312328
0.0312725
0.0313355
0.031371
0.0314505
0.0314799
0.0315773
0.0315964
0.0317018
)
;
    }
}


// ************************************************************************* //
