/*--------------------------------*- C++ -*----------------------------------*\
  =========                 |
  \\      /  F ield         | OpenFOAM: The Open Source CFD Toolbox
   \\    /   O peration     | Website:  https://openfoam.org
    \\  /    A nd           | Version:  10
     \\/     M anipulation  |
\*---------------------------------------------------------------------------*/
FoamFile
{
    format      ascii;
    class       volScalarField;
    location    "0.21";
    object      rho;
}
// * * * * * * * * * * * * * * * * * * * * * * * * * * * * * * * * * * * * * //

dimensions      [1 -3 0 0 0 0 0];

internalField   nonuniform List<scalar> 
4176
(
0.0308496
0.0308526
0.0308588
0.0308691
0.0308823
0.0308986
0.0309196
0.0309409
0.0309702
0.0309964
0.0310332
0.0310656
0.0311077
0.0311484
0.0311934
0.0312448
0.031288
0.0313558
0.0313943
0.0314798
0.0315116
0.031617
0.0316372
0.0317512
0.0308575
0.0308603
0.0308657
0.0308755
0.0308866
0.0309023
0.03092
0.0309406
0.0309657
0.0309907
0.0310228
0.031053
0.0310906
0.0311278
0.0311689
0.0312149
0.0312549
0.0313151
0.0313509
0.0314273
0.0314546
0.0315549
0.0315757
0.0317043
0.0308767
0.0308797
0.0308853
0.0308954
0.0309071
0.0309231
0.0309418
0.0309628
0.0309893
0.0310148
0.0310485
0.0310794
0.031119
0.031157
0.0312003
0.0312475
0.0312898
0.0313527
0.0313886
0.0314688
0.0314963
0.0315953
0.0316142
0.031735
0.0309054
0.0309083
0.0309137
0.0309235
0.0309349
0.0309505
0.0309687
0.030989
0.031015
0.0310395
0.0310727
0.0311023
0.0311415
0.0311777
0.0312208
0.0312662
0.0313081
0.031371
0.0314023
0.0314848
0.0315099
0.0316076
0.0316254
0.0317373
0.0309448
0.0309477
0.0309531
0.030963
0.0309742
0.03099
0.031008
0.0310286
0.0310542
0.0310791
0.0311119
0.0311419
0.0311808
0.0312172
0.0312604
0.0313051
0.0313491
0.0314088
0.0314438
0.0315242
0.0315509
0.0316483
0.0316675
0.031781
0.0309943
0.0309971
0.0310024
0.0310123
0.0310233
0.0310389
0.0310565
0.031077
0.0311021
0.0311268
0.031159
0.0311888
0.0312269
0.031263
0.0313057
0.0313495
0.0313938
0.0314506
0.0314889
0.0315653
0.0315929
0.0316892
0.0317092
0.0318242
0.0310542
0.031057
0.0310622
0.031072
0.0310829
0.0310984
0.0311159
0.0311362
0.031161
0.0311855
0.0312174
0.0312469
0.0312848
0.0313204
0.031363
0.031406
0.0314505
0.0315057
0.0315449
0.0316194
0.0316483
0.031743
0.0317632
0.0318763
0.0311243
0.0311271
0.0311323
0.031142
0.0311527
0.031168
0.0311853
0.0312053
0.0312298
0.031254
0.0312856
0.0313146
0.0313521
0.0313872
0.0314295
0.0314715
0.0315161
0.0315695
0.0316099
0.0316817
0.0317116
0.0318047
0.0318254
0.0319373
0.0312047
0.0312076
0.0312126
0.0312223
0.0312328
0.0312481
0.031265
0.0312849
0.0313091
0.031333
0.0313641
0.0313928
0.0314299
0.0314643
0.0315063
0.0315476
0.0315921
0.0316438
0.031685
0.0317545
0.0317854
0.0318765
0.0318977
0.0320078
0.0312956
0.0312984
0.0313034
0.0313129
0.0313233
0.0313384
0.0313551
0.0313747
0.0313985
0.0314221
0.0314529
0.0314811
0.0315177
0.0315515
0.0315931
0.0316334
0.0316779
0.0317279
0.0317698
0.0318369
0.0318693
0.031957
0.0319792
0.0320875
0.0313968
0.0313996
0.0314045
0.031414
0.0314242
0.0314391
0.0314555
0.0314749
0.0314984
0.0315216
0.0315519
0.0315796
0.0316158
0.0316489
0.0316901
0.0317295
0.0317737
0.0318222
0.0318647
0.0319293
0.0319622
0.0320481
0.0320704
0.0321767
0.0315085
0.0315113
0.0315161
0.0315255
0.0315355
0.0315502
0.0315663
0.0315855
0.0316085
0.0316314
0.0316612
0.0316885
0.0317241
0.0317566
0.0317973
0.0318356
0.0318796
0.0319266
0.0319694
0.0320317
0.0320651
0.0321488
0.0321711
0.0322755
0.0316308
0.0316335
0.0316383
0.0316475
0.0316573
0.0316718
0.0316876
0.0317065
0.0317291
0.0317516
0.031781
0.0318076
0.0318428
0.0318745
0.0319147
0.031952
0.0319955
0.0320411
0.0320841
0.032144
0.0321782
0.032259
0.0322817
0.0323838
0.0317637
0.0317664
0.031771
0.0317801
0.0317897
0.031804
0.0318195
0.031838
0.0318602
0.0318822
0.0319111
0.0319372
0.0319718
0.0320027
0.0320423
0.0320787
0.0321217
0.0321658
0.0322089
0.0322665
0.032301
0.0323795
0.032402
0.0325018
0.0319073
0.03191
0.0319145
0.0319235
0.0319328
0.0319469
0.031962
0.0319801
0.0320019
0.0320234
0.0320517
0.0320772
0.0321112
0.0321413
0.0321803
0.0322156
0.0322581
0.0323007
0.0323438
0.0323989
0.032434
0.0325098
0.0325323
0.0326296
0.0320616
0.0320643
0.0320687
0.0320775
0.0320866
0.0321004
0.0321152
0.032133
0.0321542
0.0321752
0.0322029
0.0322278
0.0322611
0.0322904
0.0323287
0.0323629
0.0324048
0.0324459
0.0324888
0.0325415
0.0325771
0.0326498
0.0326728
0.0327673
0.0322269
0.0322296
0.0322338
0.0322425
0.0322513
0.0322649
0.0322792
0.0322966
0.0323173
0.0323378
0.0323648
0.032389
0.0324215
0.03245
0.0324876
0.0325206
0.0325619
0.0326015
0.032644
0.0326944
0.0327302
0.0328001
0.0328234
0.0329149
0.0324032
0.0324058
0.0324099
0.0324184
0.032427
0.0324402
0.0324541
0.0324711
0.0324912
0.0325111
0.0325375
0.0325609
0.0325927
0.0326201
0.0326569
0.0326889
0.0327294
0.0327675
0.0328095
0.0328575
0.0328937
0.0329604
0.0329842
0.0330726
0.0325905
0.0325931
0.0325971
0.0326054
0.0326137
0.0326266
0.03264
0.0326565
0.0326761
0.0326953
0.032721
0.0327436
0.0327746
0.032801
0.0328369
0.0328677
0.0329074
0.0329439
0.0329855
0.033031
0.0330673
0.0331313
0.0331552
0.0332405
0.032789
0.0327916
0.0327955
0.0328036
0.0328115
0.0328241
0.0328371
0.032853
0.032872
0.0328906
0.0329154
0.0329372
0.0329673
0.0329927
0.0330277
0.0330572
0.0330961
0.033131
0.0331718
0.033215
0.0332515
0.0333122
0.0333366
0.0334186
0.0329989
0.0330014
0.0330051
0.0330131
0.0330206
0.0330328
0.0330453
0.0330607
0.033079
0.0330969
0.033121
0.0331418
0.0331711
0.0331954
0.0332294
0.0332575
0.0332954
0.0333287
0.0333688
0.0334096
0.033446
0.0335037
0.0335283
0.033607
0.0332202
0.0332227
0.0332262
0.0332339
0.0332411
0.0332529
0.0332648
0.0332797
0.0332973
0.0333144
0.0333377
0.0333576
0.0333859
0.0334091
0.033442
0.0334688
0.0335056
0.0335372
0.0335764
0.033615
0.0336513
0.0337056
0.0337305
0.0338057
0.033453
0.0334554
0.0334587
0.0334662
0.033473
0.0334844
0.0334957
0.0335101
0.0335269
0.0335432
0.0335656
0.0335846
0.0336119
0.0336339
0.0336657
0.0336912
0.0337269
0.0337566
0.0337949
0.0338312
0.0338672
0.0339182
0.0339432
0.034015
0.0336974
0.0336997
0.0337029
0.0337101
0.0337165
0.0337275
0.0337382
0.0337519
0.033768
0.0337835
0.033805
0.0338229
0.0338492
0.03387
0.0339007
0.0339247
0.0339592
0.0339872
0.0340244
0.0340583
0.0340941
0.0341416
0.0341666
0.0342348
0.0339534
0.0339557
0.0339587
0.0339657
0.0339717
0.0339822
0.0339923
0.0340053
0.0340206
0.0340353
0.0340558
0.0340727
0.0340979
0.0341174
0.0341469
0.0341695
0.0342028
0.0342289
0.0342651
0.0342966
0.0343319
0.034376
0.0344008
0.0344654
0.0342212
0.0342235
0.0342263
0.034233
0.0342386
0.0342486
0.0342581
0.0342705
0.0342849
0.0342987
0.0343182
0.0343341
0.0343581
0.0343764
0.0344046
0.0344256
0.0344577
0.034482
0.034517
0.0345461
0.0345808
0.0346216
0.0346461
0.034707
0.0345009
0.0345031
0.0345057
0.0345122
0.0345173
0.0345269
0.0345357
0.0345474
0.034561
0.0345739
0.0345924
0.0346071
0.03463
0.0346469
0.0346739
0.0346933
0.0347241
0.0347465
0.0347803
0.034807
0.0348409
0.0348783
0.0349027
0.0349599
0.0347925
0.0347947
0.0347971
0.0348033
0.034808
0.0348171
0.0348253
0.0348363
0.034849
0.034861
0.0348784
0.034892
0.0349136
0.0349292
0.0349548
0.0349727
0.0350021
0.0350226
0.0350551
0.0350795
0.0351124
0.0351462
0.0351707
0.0352238
0.0350962
0.0350983
0.0351004
0.0351064
0.0351107
0.0351193
0.0351268
0.0351371
0.035149
0.03516
0.0351764
0.0351888
0.0352092
0.0352233
0.0352476
0.0352638
0.0352918
0.0353104
0.0353415
0.0353635
0.0353954
0.0354257
0.0354507
0.0354984
0.0354119
0.035414
0.0354159
0.0354216
0.0354255
0.0354336
0.0354404
0.03545
0.035461
0.0354711
0.0354864
0.0354977
0.0355168
0.0355295
0.0355524
0.0355669
0.0355934
0.03561
0.0356397
0.0356593
0.0356902
0.0357168
0.0357417
0.0357851
0.0357399
0.0357419
0.0357437
0.0357491
0.0357524
0.0357601
0.0357662
0.0357751
0.0357852
0.0357944
0.0358086
0.0358187
0.0358366
0.0358478
0.0358693
0.0358821
0.0359071
0.0359216
0.0359498
0.0359671
0.0359967
0.03602
0.036044
0.0360841
0.0360802
0.0360822
0.0360837
0.0360888
0.0360917
0.0360989
0.0361043
0.0361125
0.0361217
0.0361299
0.0361431
0.0361519
0.0361687
0.0361784
0.0361985
0.0362095
0.036233
0.0362454
0.0362721
0.0362868
0.0363152
0.0363351
0.0363591
0.0363944
0.0364329
0.0364348
0.0364361
0.0364409
0.0364434
0.0364501
0.0364548
0.0364623
0.0364706
0.0364778
0.0364899
0.0364976
0.036513
0.0365213
0.0365401
0.0365493
0.0365713
0.0365816
0.0366067
0.0366189
0.0366457
0.0366626
0.0366862
0.0367167
0.036798
0.0367999
0.0368009
0.0368055
0.0368075
0.0368137
0.0368178
0.0368245
0.0368319
0.0368382
0.0368492
0.0368557
0.0368699
0.0368767
0.0368941
0.0369015
0.0369221
0.0369302
0.0369538
0.0369634
0.0369889
0.0370023
0.0370255
0.0370515
0.0371757
0.0371775
0.0371784
0.0371827
0.0371842
0.03719
0.0371933
0.0371993
0.0372059
0.0372112
0.0372211
0.0372263
0.0372393
0.0372447
0.0372607
0.0372664
0.0372855
0.0372915
0.0373135
0.0373206
0.0373445
0.0373547
0.0373774
0.0373985
0.037566
0.0375678
0.0375684
0.0375726
0.0375736
0.0375789
0.0375816
0.0375869
0.0375925
0.0375969
0.0376057
0.0376097
0.0376214
0.0376253
0.0376399
0.0376438
0.0376615
0.0376654
0.0376859
0.0376905
0.037713
0.0377198
0.0377416
0.037758
0.0379691
0.0379708
0.0379713
0.0379751
0.0379758
0.0379806
0.0379826
0.0379872
0.037992
0.0379954
0.0380032
0.038006
0.0380164
0.0380188
0.038032
0.0380341
0.0380503
0.038052
0.0380711
0.0380731
0.0380942
0.038098
0.0381185
0.0381302
0.0383851
0.0383868
0.038387
0.0383906
0.0383908
0.0383952
0.0383965
0.0384005
0.0384043
0.0384069
0.0384136
0.0384152
0.0384244
0.0384252
0.038437
0.0384373
0.038452
0.0384515
0.0384691
0.0384686
0.0384884
0.0384889
0.0385085
0.0385153
0.038814
0.0388156
0.0388157
0.0388191
0.0388188
0.0388227
0.0388234
0.0388267
0.0388297
0.0388314
0.038837
0.0388374
0.0388454
0.0388447
0.0388551
0.0388535
0.0388667
0.038864
0.0388802
0.038877
0.0388954
0.0388929
0.0389115
0.0389136
0.039256
0.0392576
0.0392575
0.0392606
0.0392599
0.0392634
0.0392634
0.0392661
0.0392682
0.039269
0.0392735
0.0392728
0.0392795
0.0392774
0.0392865
0.039283
0.0392948
0.0392897
0.0393044
0.0392984
0.0393156
0.0393097
0.0393274
0.0393252
0.0397113
0.0397129
0.0397125
0.0397154
0.0397143
0.0397173
0.0397167
0.0397187
0.03972
0.0397198
0.0397233
0.0397214
0.039727
0.0397233
0.0397311
0.0397258
0.0397361
0.0397288
0.0397421
0.0397332
0.039749
0.0397398
0.0397561
0.0397503
0.0401799
0.0401815
0.0401809
0.0401836
0.040182
0.0401846
0.0401833
0.0401847
0.040185
0.040184
0.0401865
0.0401834
0.0401877
0.0401826
0.0401891
0.040182
0.0401909
0.0401812
0.0401932
0.0401814
0.040196
0.0401831
0.0401985
0.0401883
0.040662
0.0406636
0.0406628
0.0406652
0.0406632
0.0406654
0.0406634
0.0406641
0.0406636
0.0406616
0.040663
0.0406588
0.0406619
0.0406553
0.0406605
0.0406516
0.0406591
0.0406471
0.040658
0.0406432
0.0406566
0.0406402
0.0406545
0.0406397
0.0411578
0.0411592
0.0411582
0.0411604
0.041158
0.0411597
0.041157
0.041157
0.0411557
0.0411528
0.0411531
0.0411477
0.0411496
0.0411416
0.0411454
0.0411347
0.0411409
0.0411265
0.0411362
0.0411185
0.041131
0.0411109
0.0411244
0.0411049
0.0416671
0.0416686
0.0416674
0.0416693
0.0416664
0.0416677
0.0416643
0.0416637
0.0416614
0.0416576
0.0416569
0.0416503
0.0416509
0.0416414
0.0416439
0.0416314
0.0416362
0.0416196
0.0416281
0.0416075
0.0416189
0.0415953
0.0416081
0.0415842
0.0421903
0.0421917
0.0421903
0.042192
0.0421886
0.0421894
0.0421854
0.042184
0.0421809
0.0421761
0.0421744
0.0421665
0.0421659
0.042155
0.0421561
0.0421418
0.0421452
0.0421263
0.0421335
0.0421101
0.0421207
0.0420931
0.0421058
0.0420768
0.0427272
0.0427286
0.042727
0.0427284
0.0427246
0.042725
0.0427202
0.0427182
0.0427142
0.0427085
0.0427056
0.0426966
0.0426948
0.0426823
0.0426821
0.0426659
0.042668
0.0426468
0.0426528
0.0426264
0.042636
0.0426045
0.0426177
0.0425831
0.043278
0.0432793
0.0432775
0.0432787
0.0432744
0.0432744
0.0432689
0.0432662
0.0432613
0.0432546
0.0432507
0.0432405
0.0432374
0.0432234
0.0432219
0.0432038
0.0432047
0.0431811
0.0431859
0.0431564
0.0431653
0.0431292
0.0431436
0.0431035
0.0438426
0.0438439
0.0438419
0.0438429
0.0438381
0.0438376
0.0438314
0.0438281
0.0438222
0.0438146
0.0438097
0.0437982
0.043794
0.0437784
0.0437757
0.0437556
0.0437553
0.0437293
0.043733
0.0437002
0.0437087
0.0436685
0.0436827
0.0436379
0.044421
0.0444223
0.0444201
0.0444209
0.0444156
0.0444147
0.0444078
0.0444038
0.0443971
0.0443885
0.0443825
0.0443698
0.0443645
0.0443473
0.0443434
0.0443213
0.0443199
0.0442913
0.0442942
0.0442578
0.0442668
0.0442216
0.0442357
0.0441862
0.0450132
0.0450145
0.045012
0.0450126
0.0450068
0.0450055
0.044998
0.0449933
0.0449857
0.0449762
0.0449693
0.0449553
0.0449489
0.0449301
0.0449251
0.0449008
0.0448986
0.0448671
0.0448696
0.0448287
0.0448395
0.0447886
0.044803
0.0447488
0.0456191
0.0456203
0.0456177
0.045618
0.0456118
0.0456101
0.0456019
0.0455966
0.0455881
0.0455777
0.0455698
0.0455546
0.0455472
0.0455267
0.0455207
0.0454941
0.0454914
0.0454566
0.0454593
0.0454146
0.0454247
0.0453703
0.0453842
0.0453256
0.0462385
0.0462397
0.0462369
0.046237
0.0462304
0.0462283
0.0462194
0.0462135
0.0462042
0.0461929
0.0461841
0.0461676
0.0461593
0.046137
0.0461304
0.0461013
0.0460983
0.0460594
0.046064
0.0460146
0.0460238
0.0459663
0.0459794
0.0459167
0.0468713
0.0468725
0.0468695
0.0468695
0.0468624
0.0468599
0.0468505
0.0468439
0.0468339
0.0468217
0.0468121
0.0467942
0.0467853
0.0467609
0.0467541
0.0467221
0.0467193
0.0466774
0.0466807
0.0466287
0.0466374
0.0465764
0.046589
0.0465221
0.0475174
0.0475186
0.0475154
0.0475152
0.0475077
0.0475049
0.0474948
0.0474877
0.047477
0.0474638
0.0474537
0.0474342
0.0474251
0.0473982
0.0473919
0.0473569
0.0473541
0.0473091
0.0473115
0.0472573
0.0472647
0.0472009
0.0472126
0.0471418
0.0481765
0.0481777
0.0481743
0.048174
0.048166
0.0481631
0.0481524
0.0481447
0.0481335
0.0481191
0.0481089
0.0480873
0.0480788
0.0480486
0.0480436
0.0480048
0.0480023
0.0479548
0.0479565
0.0478999
0.047906
0.0478394
0.0478505
0.0477758
0.0488484
0.0488496
0.048846
0.0488457
0.0488373
0.0488342
0.0488229
0.0488146
0.0488032
0.0487873
0.0487776
0.0487535
0.0487456
0.0487135
0.0487072
0.0486675
0.0486637
0.0486148
0.0486149
0.0485563
0.0485615
0.0484922
0.0485024
0.048424
0.0495329
0.0495343
0.0495302
0.0495302
0.0495212
0.0495181
0.0495061
0.0494971
0.049486
0.0494685
0.0494588
0.0494336
0.0494247
0.049392
0.0493843
0.0493439
0.0493385
0.0492883
0.0492871
0.0492268
0.0492305
0.0491588
0.0491684
0.0490865
0.0502298
0.0502313
0.0502269
0.0502271
0.0502174
0.0502145
0.0502019
0.0501928
0.0501808
0.0501631
0.0501526
0.0501268
0.0501169
0.0500834
0.0500747
0.0500332
0.0500267
0.0499751
0.049973
0.0499106
0.0499136
0.0498394
0.0498482
0.049763
0.0509389
0.0509404
0.0509361
0.0509359
0.0509262
0.050923
0.0509097
0.0509013
0.0508879
0.0508702
0.0508589
0.0508325
0.0508219
0.0507878
0.050778
0.0507357
0.0507281
0.0506756
0.0506719
0.0506082
0.0506099
0.0505337
0.0505417
0.0504535
0.05166
0.0516615
0.0516572
0.0516569
0.0516471
0.0516438
0.05163
0.0516218
0.0516069
0.0515902
0.0515775
0.0515509
0.0515395
0.0515048
0.051494
0.0514512
0.0514422
0.0513886
0.0513843
0.0513189
0.0513198
0.0512414
0.0512488
0.0511577
0.052393
0.0523945
0.0523902
0.0523899
0.0523799
0.0523765
0.0523625
0.0523542
0.0523384
0.0523223
0.0523077
0.0522821
0.0522694
0.0522341
0.0522228
0.052179
0.0521693
0.052115
0.0521092
0.0520428
0.0520425
0.0519625
0.0519691
0.0518753
0.0531377
0.0531392
0.0531349
0.0531346
0.0531245
0.053121
0.0531067
0.0530985
0.053082
0.0530662
0.0530504
0.0530254
0.0530114
0.0529758
0.0529638
0.0529194
0.0529086
0.0528535
0.052847
0.0527793
0.0527782
0.0526964
0.0527023
0.0526061
0.0538941
0.0538957
0.0538913
0.053891
0.0538808
0.0538773
0.0538627
0.0538544
0.0538374
0.0538219
0.0538051
0.0537804
0.0537649
0.0537301
0.0537169
0.0536716
0.0536603
0.0536044
0.0535967
0.0535282
0.053526
0.0534429
0.0534481
0.0533497
0.0546621
0.0546638
0.0546594
0.0546591
0.0546487
0.0546452
0.0546304
0.0546221
0.0546046
0.0545892
0.0545715
0.054547
0.0545304
0.0544959
0.0544816
0.0544356
0.0544236
0.0543669
0.0543584
0.0542891
0.0542861
0.0542015
0.0542061
0.0541056
0.0554418
0.0554436
0.0554391
0.0554389
0.0554283
0.0554248
0.0554097
0.0554013
0.0553833
0.055368
0.0553495
0.0553251
0.0553077
0.0552726
0.0552576
0.0552113
0.0551986
0.0551409
0.0551316
0.0550616
0.0550575
0.054972
0.0549758
0.0548736
0.0562333
0.0562351
0.0562305
0.0562303
0.0562195
0.056216
0.0562004
0.0561919
0.0561735
0.0561581
0.0561387
0.0561143
0.0560959
0.0560606
0.0560446
0.0559981
0.0559846
0.055926
0.0559159
0.0558452
0.0558403
0.0557537
0.0557568
0.0556531
0.0570364
0.0570383
0.0570335
0.0570333
0.0570221
0.0570185
0.0570025
0.0569938
0.0569748
0.0569592
0.0569387
0.0569145
0.0568948
0.0568594
0.0568424
0.0567955
0.0567814
0.0567218
0.056711
0.0566396
0.0566337
0.0565464
0.0565489
0.0564438
0.0578509
0.0578528
0.0578478
0.0578476
0.057836
0.0578321
0.0578156
0.0578066
0.0577868
0.0577709
0.0577493
0.0577252
0.0577042
0.0576687
0.0576502
0.0576034
0.0575885
0.057528
0.0575166
0.0574442
0.0574378
0.0573497
0.0573515
0.0572455
0.0586762
0.0586782
0.058673
0.0586725
0.0586606
0.0586563
0.0586392
0.0586296
0.0586092
0.0585928
0.05857
0.058546
0.0585231
0.0584884
0.0584682
0.0584211
0.0584055
0.0583444
0.0583322
0.0582591
0.0582518
0.0581635
0.0581646
0.0580577
0.0595113
0.0595133
0.059508
0.0595072
0.0594949
0.0594901
0.0594726
0.0594624
0.0594412
0.0594242
0.0594005
0.0593765
0.0593519
0.0593176
0.0592959
0.0592486
0.0592313
0.0591708
0.0591581
0.0590839
0.0590763
0.0589875
0.0589878
0.0588805
0.0603547
0.0603567
0.0603512
0.0603502
0.0603377
0.0603325
0.0603145
0.0603039
0.0602821
0.0602646
0.0602401
0.0602159
0.0601896
0.0601563
0.0601322
0.0600861
0.0600661
0.0600075
0.0599935
0.059919
0.0599105
0.0598217
0.0598215
0.0597138
0.0612042
0.0612061
0.0612008
0.0611997
0.0611871
0.0611818
0.0611637
0.0611528
0.0611307
0.061113
0.061088
0.0610638
0.0610365
0.0610039
0.0609776
0.0609333
0.0609117
0.0608527
0.0608384
0.0607641
0.0607551
0.0606662
0.0606657
0.0605579
0.0620575
0.0620596
0.0620544
0.0620535
0.0620412
0.0620362
0.0620183
0.0620077
0.0619859
0.0619685
0.0619435
0.0619197
0.0618918
0.0618601
0.0618325
0.0617897
0.0617665
0.0617086
0.061692
0.0616202
0.0616098
0.0615214
0.0615207
0.061413
0.0629129
0.0629151
0.0629103
0.0629099
0.0628982
0.062894
0.0628769
0.0628672
0.0628463
0.0628298
0.0628056
0.0627828
0.0627553
0.0627249
0.0626966
0.0626557
0.0626305
0.0625752
0.0625562
0.0624867
0.0624756
0.0623874
0.0623866
0.0622793
0.0637694
0.0637719
0.0637676
0.063768
0.0637573
0.0637542
0.0637384
0.0637302
0.0637109
0.063696
0.0636734
0.0636524
0.0636262
0.0635976
0.0635699
0.063531
0.0635054
0.0634524
0.0634331
0.0633629
0.0633524
0.0632646
0.0632639
0.063157
0.064628
0.0646307
0.0646271
0.0646284
0.0646188
0.0646173
0.0646031
0.0645968
0.0645795
0.0645668
0.0645464
0.0645277
0.0645036
0.0644775
0.0644515
0.0644153
0.0643904
0.0643402
0.0643208
0.0642518
0.0642415
0.0641536
0.064153
0.0640461
0.0654918
0.0654949
0.0654918
0.0654941
0.0654855
0.0654855
0.0654728
0.0654684
0.0654532
0.0654428
0.0654248
0.0654089
0.0653872
0.0653641
0.0653407
0.0653073
0.0652845
0.0652378
0.0652188
0.0651532
0.0651433
0.0650555
0.0650551
0.0649472
0.0663665
0.0663702
0.066367
0.0663704
0.0663621
0.0663635
0.0663516
0.0663491
0.0663349
0.0663268
0.0663105
0.0662971
0.0662776
0.0662571
0.0662371
0.0662055
0.0661876
0.0661412
0.0661278
0.0660626
0.0660573
0.0659703
0.0659711
0.0658626
0.0672599
0.0672643
0.0672603
0.0672651
0.0672555
0.0672588
0.0672453
0.0672452
0.0672295
0.0672238
0.0672071
0.0671957
0.067177
0.0671582
0.0671422
0.0671081
0.0670994
0.0670482
0.0670449
0.0669772
0.0669787
0.0668943
0.0668988
0.0667959
0.0681814
0.0681852
0.0681821
0.0681849
0.0681764
0.0681769
0.0681647
0.0681613
0.0681469
0.0681385
0.0681222
0.0681097
0.0680903
0.0680732
0.0680546
0.0680236
0.0680143
0.0679648
0.0679634
0.0678978
0.0679028
0.0678202
0.0678293
0.0677342
0.069139
0.0691426
0.0691389
0.0691408
0.0691307
0.0691296
0.0691151
0.0691095
0.0690925
0.0690814
0.0690624
0.069047
0.0690249
0.0690061
0.0689826
0.0689547
0.0689381
0.0688918
0.0688895
0.0688224
0.0688295
0.0687453
0.0687578
0.068663
0.0701395
0.0701428
0.0701382
0.0701388
0.0701267
0.0701232
0.0701056
0.0700967
0.0700757
0.0700603
0.0700366
0.0700164
0.0699893
0.0699655
0.0699361
0.069905
0.0698816
0.0698352
0.0698257
0.0697565
0.0697638
0.0696744
0.0696892
0.0695903
0.0711861
0.0711897
0.0711835
0.0711832
0.0711685
0.0711627
0.0711415
0.0711291
0.0711031
0.071083
0.071053
0.0710271
0.0709926
0.0709621
0.0709244
0.0708863
0.0708547
0.0708011
0.0707847
0.0707068
0.0707116
0.0706137
0.0706292
0.0705219
0.0722789
0.0722831
0.072275
0.0722742
0.072257
0.0722495
0.0722243
0.0722094
0.0721774
0.0721547
0.0721163
0.0720866
0.0720422
0.0720051
0.071958
0.0719101
0.07187
0.0718009
0.0717784
0.0716863
0.0716838
0.0715724
0.0715854
0.0714644
0.0734145
0.0734179
0.0734107
0.0734076
0.0733902
0.0733796
0.0733536
0.0733341
0.0733011
0.0732712
0.0732316
0.073193
0.0731452
0.0730992
0.0730434
0.0729894
0.0729317
0.0728581
0.0728176
0.072713
0.0726956
0.0725658
0.0725706
0.0724274
0.0745864
0.0745896
0.0745823
0.0745786
0.0745604
0.0745489
0.0745214
0.0745003
0.0744653
0.0744331
0.0743904
0.0743484
0.0742965
0.0742455
0.0741841
0.0741233
0.0740542
0.07398
0.0739116
0.0738092
0.0737654
0.0736179
0.0736062
0.07343
0.0757865
0.0757896
0.0757824
0.0757786
0.0757602
0.0757485
0.0757206
0.075699
0.0756632
0.0756301
0.0755864
0.075543
0.0754895
0.0754365
0.0753726
0.0753085
0.0752356
0.0751572
0.0750786
0.074978
0.0749044
0.0747601
0.0747213
0.0745074
0.0770061
0.0770093
0.0770023
0.0769988
0.0769807
0.0769693
0.0769417
0.0769206
0.0768852
0.0768526
0.0768094
0.0767664
0.0767134
0.0766607
0.0765972
0.0765336
0.0764609
0.0763829
0.0763032
0.0762046
0.076125
0.0759888
0.0759324
0.0757068
0.0782366
0.0782401
0.0782334
0.0782305
0.0782129
0.0782024
0.0781756
0.0781556
0.0781213
0.0780902
0.0780483
0.0780071
0.0779559
0.0779054
0.0778441
0.077783
0.0777128
0.0776378
0.0775637
0.0774655
0.0773981
0.0772605
0.0772206
0.0770222
0.0794701
0.0794739
0.0794675
0.0794654
0.0794485
0.0794393
0.0794135
0.0793952
0.0793624
0.0793333
0.0792935
0.0792548
0.0792062
0.0791586
0.0791005
0.0790431
0.0789767
0.0789065
0.0788366
0.0787444
0.0786827
0.0785527
0.0785157
0.0783319
0.0806994
0.0807035
0.0806975
0.0806963
0.0806802
0.0806724
0.0806479
0.0806315
0.0806005
0.0805738
0.0805363
0.0805006
0.0804548
0.080411
0.0803563
0.0803031
0.0802409
0.080176
0.080111
0.080025
0.0799681
0.0798479
0.0798132
0.0796431
0.0819183
0.0819231
0.0819173
0.0819172
0.0819017
0.0818956
0.0818723
0.0818581
0.0818289
0.081805
0.0817696
0.0817376
0.0816944
0.0816547
0.0816036
0.081555
0.0814973
0.0814379
0.0813772
0.081298
0.0812462
0.0811353
0.0811031
0.0809469
0.0831223
0.0831276
0.0831214
0.0831231
0.0831077
0.0831039
0.0830811
0.08307
0.0830416
0.0830217
0.0829874
0.0829603
0.0829185
0.0828846
0.0828355
0.0827929
0.0827386
0.0826851
0.0826291
0.0825573
0.0825089
0.0824081
0.0823782
0.0822355
0.0843067
0.0843122
0.0843063
0.0843092
0.0842942
0.0842925
0.0842703
0.0842623
0.0842346
0.0842189
0.0841854
0.0841636
0.0841226
0.0840952
0.0840471
0.0840121
0.0839596
0.0839128
0.0838613
0.0837962
0.0837515
0.0836607
0.0836331
0.0835039
0.0854681
0.0854736
0.0854686
0.0854714
0.0854586
0.0854567
0.0854378
0.0854297
0.0854063
0.0853908
0.0853622
0.0853412
0.0853055
0.0852801
0.0852371
0.0852056
0.0851577
0.085117
0.0850691
0.0850104
0.0849701
0.0848891
0.0848635
0.0847472
0.0866039
0.0866091
0.0866048
0.0866081
0.0865965
0.0865955
0.0865786
0.0865717
0.0865511
0.0865368
0.0865122
0.0864925
0.0864619
0.0864379
0.0864008
0.0863716
0.0863293
0.0862932
0.0862481
0.0861987
0.0861618
0.0860896
0.0860657
0.0859621
0.0877111
0.0877166
0.0877128
0.0877165
0.087706
0.0877061
0.0876907
0.0876853
0.0876669
0.0876546
0.087633
0.0876154
0.0875887
0.0875672
0.0875345
0.0875087
0.0874709
0.0874393
0.0873986
0.0873574
0.0873218
0.0872591
0.0872371
0.0871458
0.0887883
0.0887939
0.0887905
0.0887949
0.0887852
0.0887864
0.0887723
0.0887686
0.0887522
0.0887418
0.0887229
0.0887077
0.0886842
0.0886655
0.0886369
0.0886145
0.0885812
0.0885541
0.0885174
0.0884829
0.0884484
0.088396
0.0883758
0.0882962
0.0898341
0.0898397
0.0898367
0.0898416
0.0898327
0.0898349
0.0898222
0.08982
0.0898054
0.0897969
0.0897805
0.0897676
0.0897473
0.0897313
0.0897063
0.0896873
0.0896579
0.0896349
0.089603
0.0895738
0.0895419
0.0894978
0.0894804
0.0894114
0.0908474
0.0908529
0.0908501
0.0908556
0.0908473
0.0908507
0.090839
0.0908383
0.0908255
0.0908189
0.0908046
0.090794
0.0907765
0.0907632
0.0907416
0.0907258
0.0907003
0.0906814
0.0906528
0.090629
0.0906007
0.0905648
0.0905485
0.0904903
0.091827
0.0918326
0.0918301
0.0918359
0.0918286
0.0918326
0.0918223
0.0918228
0.0918116
0.0918067
0.0917946
0.0917861
0.0917713
0.0917605
0.0917421
0.0917292
0.0917073
0.0916917
0.0916677
0.0916481
0.0916233
0.0915953
0.0915796
0.0915314
0.0927729
0.0927784
0.0927759
0.0927826
0.0927752
0.0927809
0.0927709
0.0927732
0.0927631
0.0927601
0.0927498
0.0927434
0.092731
0.0927226
0.0927071
0.0926972
0.0926786
0.0926669
0.0926458
0.0926307
0.0926095
0.0925879
0.0925736
0.0925343
0.0936844
0.0936897
0.0936881
0.0936939
0.0936889
0.0936933
0.0936861
0.0936881
0.0936804
0.0936783
0.0936702
0.0936655
0.0936555
0.0936493
0.0936366
0.0936293
0.0936138
0.0936049
0.0935878
0.0935766
0.093559
0.0935419
0.0935298
0.093499
0.0945617
0.0945672
0.0945647
0.094573
0.0945653
0.0945742
0.0945643
0.0945703
0.0945617
0.0945624
0.0945552
0.0945526
0.0945444
0.0945405
0.0945302
0.0945255
0.0945128
0.0945073
0.0944928
0.0944853
0.0944709
0.094459
0.094448
0.0944254
0.0954048
0.0954096
0.0954095
0.0954137
0.0954129
0.0954149
0.0954131
0.095414
0.095411
0.0954101
0.0954061
0.0954043
0.0953985
0.0953963
0.0953884
0.095386
0.0953759
0.0953728
0.0953616
0.0953576
0.0953458
0.0953379
0.0953296
0.0953139
0.096214
0.0962195
0.0962167
0.0962267
0.0962181
0.0962304
0.0962197
0.0962298
0.0962216
0.0962261
0.0962211
0.096222
0.0962174
0.0962172
0.0962113
0.0962111
0.0962034
0.0962032
0.0961942
0.0961932
0.0961843
0.0961804
0.0961741
0.0961647
0.0969898
0.0969939
0.0969954
0.0969979
0.0970006
0.0970005
0.0970036
0.0970028
0.0970047
0.0970041
0.097004
0.0970044
0.0970023
0.0970034
0.0969996
0.0970014
0.0969958
0.0969978
0.0969914
0.0969935
0.096987
0.0969867
0.0969828
0.0969785
0.0977326
0.0977377
0.0977355
0.0977453
0.0977381
0.0977507
0.0977417
0.0977533
0.0977466
0.0977537
0.0977506
0.0977546
0.0977528
0.0977558
0.0977536
0.0977572
0.0977538
0.097758
0.0977538
0.0977583
0.0977542
0.0977575
0.0977553
0.0977559
0.0984433
0.0984469
0.0984489
0.0984515
0.0984547
0.0984556
0.09846
0.09846
0.0984643
0.0984649
0.0984676
0.09847
0.0984709
0.0984747
0.0984743
0.0984796
0.0984777
0.0984839
0.0984816
0.0984889
0.0984865
0.0984929
0.0984923
0.0984975
0.0991221
0.0991267
0.0991259
0.0991335
0.0991303
0.0991397
0.0991355
0.0991451
0.0991422
0.0991497
0.0991492
0.099155
0.0991558
0.0991614
0.0991621
0.0991689
0.0991688
0.0991768
0.0991763
0.0991853
0.0991849
0.0991943
0.0991946
0.0992041
0.0997707
0.099774
0.0997759
0.0997795
0.0997817
0.0997853
0.0997884
0.0997914
0.0997955
0.0997986
0.0998025
0.0998071
0.09981
0.0998162
0.0998184
0.0998265
0.0998276
0.0998371
0.099838
0.0998495
0.0998501
0.0998622
0.0998636
0.0998767
0.100389
0.100393
0.100394
0.100399
0.100399
0.100405
0.100406
0.100413
0.100414
0.100421
0.100423
0.10043
0.100433
0.100441
0.100444
0.100453
0.100455
0.100466
0.100469
0.100481
0.100484
0.100498
0.1005
0.100517
0.100979
0.100982
0.100984
0.100988
0.10099
0.100995
0.100997
0.101003
0.101006
0.101012
0.101016
0.101023
0.101027
0.101035
0.101039
0.10105
0.101053
0.101065
0.101069
0.101083
0.101086
0.101103
0.101106
0.101125
0.101541
0.101544
0.101545
0.10155
0.101551
0.101557
0.10156
0.101565
0.101569
0.101575
0.10158
0.101587
0.101592
0.101601
0.101606
0.101617
0.101622
0.101635
0.101639
0.101655
0.101659
0.101678
0.101681
0.101703
0.102076
0.102078
0.102081
0.102083
0.102088
0.102091
0.102095
0.102101
0.102105
0.102112
0.102116
0.102125
0.10213
0.10214
0.102145
0.102157
0.102163
0.102177
0.102182
0.102199
0.102204
0.102224
0.102228
0.102251
0.102585
0.102587
0.102589
0.102593
0.102595
0.102601
0.102604
0.10261
0.102615
0.102621
0.102627
0.102635
0.102642
0.102652
0.102658
0.102671
0.102677
0.102692
0.102698
0.102716
0.102721
0.102743
0.102747
0.102773
0.103069
0.103071
0.103074
0.103076
0.103081
0.103083
0.103089
0.103094
0.1031
0.103106
0.103113
0.103121
0.103128
0.103139
0.103145
0.103158
0.103165
0.103181
0.103187
0.103206
0.103212
0.103235
0.10324
0.103267
0.103529
0.103531
0.103533
0.103537
0.10354
0.103545
0.103548
0.103555
0.10356
0.103568
0.103574
0.103583
0.10359
0.103601
0.103608
0.103622
0.103629
0.103645
0.103653
0.103672
0.103679
0.103702
0.103707
0.103736
0.103966
0.103968
0.10397
0.103974
0.103977
0.103982
0.103986
0.103992
0.103998
0.104005
0.104012
0.104021
0.104028
0.10404
0.104048
0.104061
0.104069
0.104086
0.104094
0.104114
0.104121
0.104145
0.104151
0.104181
0.104382
0.104383
0.104386
0.104388
0.104394
0.104396
0.104402
0.104407
0.104414
0.104421
0.104428
0.104437
0.104445
0.104457
0.104465
0.104479
0.104487
0.104504
0.104513
0.104533
0.104541
0.104566
0.104572
0.104603
0.104776
0.104778
0.104779
0.104784
0.104785
0.104793
0.104794
0.104803
0.104807
0.104816
0.104822
0.104832
0.10484
0.104852
0.10486
0.104875
0.104884
0.104901
0.104909
0.104931
0.104939
0.104964
0.104971
0.105002
0.10515
0.105152
0.105155
0.105156
0.105163
0.105163
0.105172
0.105174
0.105184
0.105189
0.105198
0.105207
0.105215
0.105227
0.105236
0.10525
0.105259
0.105277
0.105286
0.105308
0.105315
0.105342
0.105348
0.105381
0.105506
0.105508
0.105508
0.105514
0.105514
0.105522
0.105523
0.105533
0.105536
0.105547
0.105552
0.105563
0.10557
0.105583
0.105592
0.105606
0.105616
0.105634
0.105642
0.105664
0.105672
0.105699
0.105706
0.105738
0.105843
0.105844
0.105847
0.105848
0.105854
0.105856
0.105864
0.105867
0.105876
0.105881
0.10589
0.105899
0.105908
0.10592
0.105929
0.105944
0.105953
0.105971
0.10598
0.106003
0.10601
0.106038
0.106044
0.106077
0.106162
0.106164
0.106165
0.10617
0.106171
0.106178
0.10618
0.106189
0.106193
0.106203
0.106208
0.10622
0.106227
0.10624
0.106249
0.106264
0.106273
0.106292
0.1063
0.106323
0.10633
0.106358
0.106365
0.106397
0.106466
0.106467
0.10647
0.106471
0.106477
0.106478
0.106486
0.10649
0.106497
0.106505
0.106512
0.106522
0.10653
0.106543
0.106552
0.106567
0.106576
0.106595
0.106603
0.106626
0.106633
0.106661
0.106667
0.106701
0.106753
0.106755
0.106755
0.106761
0.106761
0.106769
0.10677
0.106779
0.106783
0.106793
0.106799
0.10681
0.106817
0.10683
0.106839
0.106854
0.106863
0.106882
0.106891
0.106913
0.106921
0.106949
0.106955
0.106988
0.107026
0.107027
0.10703
0.107031
0.107036
0.107038
0.107045
0.10705
0.107057
0.107064
0.107071
0.107082
0.10709
0.107102
0.107111
0.107126
0.107135
0.107154
0.107162
0.107186
0.107192
0.107221
0.107226
0.10726
0.107284
0.107286
0.107287
0.107291
0.107292
0.107299
0.107301
0.107309
0.107314
0.107323
0.107329
0.10734
0.107347
0.10736
0.107369
0.107384
0.107393
0.107412
0.10742
0.107443
0.10745
0.107478
0.107484
0.107517
0.107529
0.10753
0.107532
0.107535
0.107538
0.107542
0.107547
0.107553
0.107559
0.107567
0.107574
0.107584
0.107592
0.107605
0.107613
0.107629
0.107637
0.107656
0.107664
0.107687
0.107694
0.107722
0.107727
0.107761
0.107761
0.107762
0.107764
0.107767
0.10777
0.107774
0.107779
0.107785
0.10779
0.107799
0.107805
0.107816
0.107823
0.107836
0.107844
0.10786
0.107868
0.107887
0.107895
0.107918
0.107925
0.107953
0.107958
0.107992
0.107981
0.107982
0.107984
0.107987
0.107989
0.107994
0.107998
0.108005
0.108009
0.108018
0.108024
0.108035
0.108042
0.108055
0.108063
0.108079
0.108087
0.108106
0.108114
0.108137
0.108143
0.108171
0.108176
0.10821
0.10819
0.108191
0.108192
0.108195
0.108197
0.108202
0.108206
0.108212
0.108218
0.108226
0.108232
0.108243
0.10825
0.108263
0.108271
0.108286
0.108294
0.108313
0.108321
0.108344
0.10835
0.108378
0.108382
0.108416
0.108387
0.108388
0.10839
0.108392
0.108395
0.108399
0.108404
0.108409
0.108415
0.108423
0.108429
0.10844
0.108447
0.108459
0.108467
0.108483
0.10849
0.108509
0.108517
0.108539
0.108546
0.108573
0.108578
0.108611
0.108574
0.108575
0.108576
0.10858
0.10858
0.108587
0.108589
0.108597
0.1086
0.10861
0.108615
0.108626
0.108633
0.108645
0.108653
0.108669
0.108676
0.108695
0.108702
0.108725
0.10873
0.108759
0.108762
0.108796
0.108751
0.108752
0.108754
0.108755
0.10876
0.108761
0.108768
0.108772
0.108779
0.108785
0.108792
0.108802
0.108809
0.108822
0.108829
0.108845
0.108852
0.10887
0.108877
0.1089
0.108906
0.108933
0.108937
0.10897
0.108919
0.10892
0.10892
0.108924
0.108925
0.108932
0.108933
0.108941
0.108944
0.108954
0.108959
0.108969
0.108976
0.108989
0.108995
0.109011
0.109018
0.109037
0.109043
0.109066
0.109071
0.109099
0.109102
0.109135
0.109078
0.109078
0.10908
0.109081
0.109086
0.109087
0.109094
0.109097
0.109104
0.109111
0.109117
0.109127
0.109134
0.109146
0.109152
0.109169
0.109175
0.109194
0.1092
0.109222
0.109228
0.109254
0.109258
0.10929
0.109228
0.109229
0.109229
0.109233
0.109233
0.10924
0.109241
0.10925
0.109252
0.109262
0.109266
0.109277
0.109283
0.109296
0.109302
0.109318
0.109324
0.109343
0.109348
0.109371
0.109375
0.109403
0.109406
0.109438
0.10937
0.10937
0.109373
0.109373
0.109378
0.109379
0.109386
0.109389
0.109396
0.109402
0.109408
0.109418
0.109424
0.109437
0.109442
0.109459
0.109464
0.109483
0.109489
0.109511
0.109516
0.109542
0.109546
0.109577
0.109504
0.109505
0.109505
0.10951
0.109509
0.109517
0.109517
0.109526
0.109528
0.109538
0.109541
0.109552
0.109557
0.109571
0.109576
0.109592
0.109597
0.109616
0.109621
0.109644
0.109647
0.109674
0.109678
0.109709
0.109631
0.109632
0.109634
0.109634
0.10964
0.10964
0.109647
0.10965
0.109657
0.109663
0.109669
0.109679
0.109684
0.109697
0.109702
0.109718
0.109723
0.109742
0.109746
0.109769
0.109773
0.109799
0.109802
0.109833
0.109752
0.109753
0.109752
0.109757
0.109756
0.109764
0.109763
0.109773
0.109774
0.109784
0.109787
0.109799
0.109803
0.109817
0.109821
0.109837
0.109842
0.109861
0.109865
0.109888
0.109891
0.109917
0.10992
0.10995
0.109865
0.109865
0.109868
0.109868
0.109873
0.109874
0.10988
0.109883
0.109889
0.109896
0.109901
0.109911
0.109916
0.109929
0.109933
0.10995
0.109954
0.109973
0.109977
0.109999
0.110002
0.110028
0.110031
0.110061
0.109972
0.109974
0.109973
0.109978
0.109976
0.109985
0.109983
0.109994
0.109994
0.110005
0.110007
0.110019
0.110022
0.110036
0.110039
0.110056
0.11006
0.110079
0.110083
0.110105
0.110108
0.110133
0.110136
0.110165
0.110074
0.110074
0.110076
0.110076
0.110081
0.110082
0.110088
0.110091
0.110097
0.110104
0.110108
0.110119
0.110123
0.110136
0.11014
0.110156
0.11016
0.110179
0.110182
0.110205
0.110207
0.110233
0.110235
0.110265
0.110169
0.11017
0.11017
0.110175
0.110173
0.110181
0.11018
0.11019
0.11019
0.110201
0.110203
0.110214
0.110217
0.110231
0.110234
0.110251
0.110254
0.110273
0.110276
0.110298
0.110301
0.110326
0.110328
0.110357
0.110259
0.11026
0.110261
0.110263
0.110266
0.110269
0.110272
0.110278
0.110281
0.11029
0.110293
0.110304
0.110307
0.11032
0.110324
0.11034
0.110343
0.110362
0.110365
0.110387
0.110389
0.110415
0.110416
0.110445
0.110344
0.110345
0.110345
0.110349
0.110349
0.110355
0.110356
0.110363
0.110365
0.110374
0.110377
0.110388
0.110391
0.110405
0.110408
0.110424
0.110427
0.110445
0.110449
0.11047
0.110473
0.110497
0.110499
0.110528
0.110424
0.110425
0.110425
0.110428
0.110429
0.110434
0.110436
0.110443
0.110445
0.110454
0.110456
0.110468
0.11047
0.110483
0.110487
0.110503
0.110505
0.110524
0.110527
0.110548
0.11055
0.110576
0.110577
0.110605
0.110499
0.1105
0.110501
0.110502
0.110505
0.110508
0.110512
0.110517
0.11052
0.110528
0.110531
0.110542
0.110545
0.110558
0.110561
0.110577
0.110579
0.110598
0.110601
0.110622
0.110624
0.110648
0.11065
0.110678
0.11057
0.11057
0.110571
0.110574
0.110574
0.11058
0.11058
0.110588
0.110589
0.110599
0.110601
0.110612
0.110615
0.110628
0.110631
0.110647
0.110649
0.110667
0.11067
0.110691
0.110693
0.110717
0.110719
0.110746
0.110636
0.110636
0.110638
0.110638
0.110643
0.110644
0.110649
0.110652
0.110657
0.110663
0.110667
0.110677
0.11068
0.110693
0.110696
0.110712
0.110714
0.110732
0.110735
0.110755
0.110757
0.110781
0.110783
0.11081
0.110698
0.110699
0.110699
0.110702
0.110702
0.110708
0.110708
0.110716
0.110717
0.110726
0.110728
0.110739
0.110741
0.110754
0.110757
0.110773
0.110775
0.110793
0.110795
0.110816
0.110818
0.110841
0.110843
0.11087
0.110756
0.110756
0.110758
0.110758
0.110763
0.110763
0.110769
0.110771
0.110777
0.110782
0.110787
0.110796
0.110799
0.110811
0.110814
0.110829
0.110831
0.11085
0.110852
0.110872
0.110874
0.110898
0.110899
0.110926
0.11081
0.110811
0.11081
0.110814
0.110813
0.11082
0.110819
0.110827
0.110828
0.110837
0.11084
0.110849
0.110852
0.110864
0.110867
0.110882
0.110885
0.110902
0.110904
0.110925
0.110927
0.110949
0.110951
0.110978
0.11086
0.11086
0.110863
0.110862
0.110867
0.110866
0.110874
0.110874
0.110881
0.110885
0.110891
0.110898
0.110903
0.110914
0.110917
0.110931
0.110933
0.110952
0.110953
0.110973
0.110975
0.110998
0.111
0.111026
0.110907
0.110908
0.110907
0.110912
0.11091
0.110917
0.110916
0.110924
0.110925
0.110933
0.110936
0.110944
0.110949
0.110959
0.110963
0.110977
0.11098
0.110996
0.110998
0.111019
0.11102
0.111042
0.111044
0.111071
0.11095
0.11095
0.110953
0.110951
0.110957
0.110956
0.110963
0.110963
0.110971
0.110974
0.11098
0.110986
0.110992
0.111001
0.111006
0.111018
0.111022
0.111038
0.11104
0.11106
0.111062
0.111084
0.111086
0.111111
0.11099
0.110991
0.110991
0.110995
0.110994
0.111
0.110999
0.111006
0.111008
0.111015
0.111019
0.111025
0.111031
0.11104
0.111045
0.111057
0.111061
0.111076
0.111079
0.111098
0.1111
0.111122
0.111124
0.111149
0.111027
0.111027
0.111029
0.111029
0.111034
0.111033
0.111039
0.11104
0.111046
0.11105
0.111056
0.111061
0.111067
0.111075
0.111081
0.111092
0.111096
0.111111
0.111114
0.111132
0.111135
0.111156
0.111158
0.111183
0.111061
0.111062
0.111062
0.111065
0.111065
0.111069
0.111071
0.111076
0.111079
0.111084
0.111089
0.111094
0.1111
0.111107
0.111114
0.111123
0.111129
0.111142
0.111147
0.111164
0.111166
0.111188
0.111189
0.111214
0.111092
0.111093
0.111094
0.111095
0.111097
0.111099
0.111102
0.111106
0.111109
0.111114
0.111119
0.111124
0.11113
0.111137
0.111143
0.111152
0.111158
0.111171
0.111175
0.111192
0.111195
0.111215
0.111217
0.111242
0.111121
0.111121
0.111122
0.111123
0.111125
0.111127
0.11113
0.111133
0.111137
0.111141
0.111146
0.111151
0.111157
0.111163
0.11117
0.111178
0.111185
0.111195
0.111201
0.111217
0.111219
0.11124
0.111242
0.111266
0.111147
0.111148
0.111148
0.11115
0.11115
0.111154
0.111155
0.11116
0.111162
0.111167
0.11117
0.111176
0.111181
0.111187
0.111193
0.111201
0.111208
0.111218
0.111224
0.111237
0.111242
0.111261
0.111263
0.111287
0.111171
0.111171
0.111172
0.111172
0.111176
0.111176
0.11118
0.111181
0.111186
0.111188
0.111193
0.111197
0.111202
0.111208
0.111214
0.111221
0.111228
0.111237
0.111243
0.111257
0.111261
0.111279
0.111281
0.111305
0.111192
0.111193
0.111193
0.111196
0.111194
0.111199
0.111198
0.111204
0.111204
0.111209
0.111212
0.111217
0.111221
0.111226
0.111232
0.111238
0.111245
0.111253
0.111261
0.111271
0.111277
0.111294
0.111296
0.11132
0.111212
0.111212
0.111214
0.111213
0.111216
0.111216
0.111219
0.11122
0.111224
0.111226
0.11123
0.111233
0.111237
0.111242
0.111247
0.111253
0.11126
0.111266
0.111273
0.111284
0.11129
0.111305
0.111309
0.111332
0.11123
0.11123
0.111229
0.111232
0.111231
0.111235
0.111234
0.111238
0.111238
0.111242
0.111244
0.111248
0.111251
0.111255
0.11126
0.111265
0.11127
0.111277
0.111284
0.111292
0.111299
0.111314
0.111318
0.111341
0.111247
0.111247
0.111249
0.111247
0.11125
0.111249
0.111252
0.111252
0.111255
0.111256
0.111259
0.111261
0.111264
0.111267
0.111271
0.111275
0.111279
0.111284
0.11129
0.111297
0.111305
0.111316
0.111322
0.111344
0.111267
0.111268
0.111266
0.111269
0.111267
0.11127
0.111269
0.111271
0.111271
0.111273
0.111273
0.111276
0.111277
0.111279
0.111282
0.111284
0.111287
0.11129
0.111294
0.111298
0.111304
0.111311
0.111317
0.111334
0.111289
0.111288
0.11129
0.111288
0.11129
0.111288
0.11129
0.111288
0.111291
0.111289
0.111291
0.11129
0.111291
0.111292
0.111292
0.111293
0.111294
0.111295
0.111296
0.111297
0.111299
0.111301
0.111303
0.111309
0.111297
0.111297
0.111297
0.111297
0.111297
0.111297
0.111297
0.111297
0.111297
0.111297
0.111297
0.111296
0.111296
0.111296
0.111296
0.111296
0.111296
0.111296
0.111296
0.111296
0.111297
0.111297
0.111297
0.111297
)
;

boundaryField
{
    asym1
    {
        type            wedge;
    }
    asym2
    {
        type            wedge;
    }
    inlet
    {
        type            calculated;
        value           nonuniform List<scalar> 
24
(
0.111289
0.111289
0.11129
0.11129
0.11129
0.11129
0.11129
0.11129
0.11129
0.111291
0.111291
0.111291
0.111292
0.111292
0.111293
0.111293
0.111294
0.111295
0.111296
0.111297
0.111298
0.1113
0.111302
0.111307
)
;
    }
    nozzle
    {
        type            calculated;
        value           nonuniform List<scalar> 
174
(
0.111297
0.111309
0.111334
0.111344
0.111341
0.111332
0.11132
0.111305
0.111287
0.111266
0.111242
0.111214
0.111183
0.111149
0.111111
0.111071
0.111026
0.110978
0.110926
0.11087
0.11081
0.110746
0.110678
0.110605
0.110528
0.110445
0.110357
0.110265
0.110165
0.110061
0.10995
0.109833
0.109709
0.109577
0.109438
0.10929
0.109135
0.10897
0.108796
0.108611
0.108416
0.10821
0.107992
0.107761
0.107517
0.10726
0.106988
0.106701
0.106397
0.106077
0.105738
0.105381
0.105002
0.104603
0.104181
0.103736
0.103267
0.102773
0.102251
0.101703
0.101125
0.100517
0.0998767
0.0992041
0.0984975
0.0977559
0.0969785
0.0961647
0.0953139
0.0944254
0.093499
0.0925343
0.0915314
0.0904903
0.0894114
0.0882962
0.0871458
0.0859621
0.0847472
0.0835039
0.0822355
0.0809469
0.0796431
0.0783319
0.0770222
0.0757068
0.0745074
0.07343
0.0724274
0.0714644
0.0705219
0.0695903
0.068663
0.0677342
0.0667959
0.0658626
0.0649472
0.0640461
0.063157
0.0622793
0.061413
0.0605579
0.0597138
0.0588805
0.0580577
0.0572455
0.0564438
0.0556531
0.0548736
0.0541056
0.0533497
0.0526061
0.0518753
0.0511577
0.0504535
0.049763
0.0490865
0.048424
0.0477758
0.0471418
0.0465221
0.0459167
0.0453256
0.0447488
0.0441862
0.0436379
0.0431035
0.0425831
0.0420768
0.0415842
0.0411049
0.0406397
0.0401883
0.0397503
0.0393252
0.0389136
0.0385153
0.0381302
0.037758
0.0373985
0.0370515
0.0367167
0.0363944
0.0360841
0.0357851
0.0354984
0.0352238
0.0349599
0.034707
0.0344654
0.0342348
0.034015
0.0338057
0.033607
0.0334186
0.0332405
0.0330726
0.0329149
0.0327673
0.0326296
0.0325018
0.0323838
0.0322755
0.0321767
0.0320875
0.0320078
0.0319373
0.0318763
0.0318242
0.031781
0.0317373
0.031735
0.0317043
0.0317512
)
;
    }
    outlet
    {
        type            calculated;
        value           nonuniform List<scalar> 
24
(
0.0308489
0.0308517
0.0308574
0.0308671
0.0308791
0.0308943
0.0309136
0.0309335
0.0309605
0.0309848
0.0310188
0.0310489
0.0310877
0.0311256
0.031167
0.0312148
0.0312545
0.0313175
0.031353
0.0314323
0.0314617
0.0315592
0.0315782
0.0316832
)
;
    }
}


// ************************************************************************* //
