/*--------------------------------*- C++ -*----------------------------------*\
  =========                 |
  \\      /  F ield         | OpenFOAM: The Open Source CFD Toolbox
   \\    /   O peration     | Website:  https://openfoam.org
    \\  /    A nd           | Version:  10
     \\/     M anipulation  |
\*---------------------------------------------------------------------------*/
FoamFile
{
    format      ascii;
    class       volScalarField;
    location    "0.09";
    object      rho;
}
// * * * * * * * * * * * * * * * * * * * * * * * * * * * * * * * * * * * * * //

dimensions      [1 -3 0 0 0 0 0];

internalField   nonuniform List<scalar> 
4176
(
0.0311928
0.0311988
0.0312056
0.0312148
0.0312279
0.0312428
0.0312624
0.031283
0.031309
0.0313353
0.031367
0.0313999
0.0314364
0.0314771
0.0315165
0.0315672
0.0316059
0.0316704
0.0317059
0.031787
0.0318171
0.0319173
0.0319357
0.0320473
0.0311478
0.0311533
0.0311594
0.0311677
0.0311794
0.0311928
0.0312105
0.031229
0.0312526
0.031276
0.031305
0.0313342
0.031368
0.0314043
0.0314407
0.0314862
0.0315211
0.0315802
0.0316107
0.0316866
0.0317094
0.0318068
0.0318256
0.0319522
0.0311719
0.0311776
0.0311839
0.0311925
0.0312046
0.0312185
0.0312368
0.0312559
0.0312805
0.031305
0.0313356
0.0313656
0.0314013
0.0314381
0.031477
0.031523
0.0315604
0.0316213
0.0316533
0.0317307
0.0317551
0.0318501
0.0318677
0.0319864
0.031181
0.0311864
0.0311926
0.0312009
0.0312127
0.031226
0.0312441
0.0312623
0.0312866
0.0313096
0.0313401
0.0313682
0.0314041
0.0314387
0.0314778
0.031522
0.0315584
0.0316204
0.0316484
0.0317268
0.0317503
0.0318438
0.0318601
0.0319701
0.0312127
0.031218
0.031224
0.0312324
0.0312441
0.0312575
0.0312753
0.0312938
0.0313177
0.0313411
0.0313711
0.0313998
0.0314352
0.0314699
0.0315092
0.0315523
0.0315919
0.03165
0.0316809
0.0317579
0.031783
0.031876
0.0318937
0.0320053
0.031249
0.0312543
0.0312603
0.0312686
0.03128
0.0312934
0.0313108
0.0313292
0.0313525
0.031376
0.0314052
0.0314338
0.0314686
0.031503
0.0315422
0.031584
0.0316247
0.0316793
0.0317138
0.0317874
0.0318133
0.031905
0.0319236
0.0320366
0.0312999
0.031305
0.0313109
0.031319
0.0313304
0.0313436
0.0313608
0.0313789
0.0314021
0.0314251
0.0314542
0.0314822
0.0315169
0.0315505
0.0315896
0.0316305
0.0316717
0.0317245
0.0317602
0.0318321
0.0318585
0.0319489
0.0319679
0.0320791
0.0313591
0.0313641
0.0313699
0.031378
0.0313892
0.0314023
0.0314193
0.0314373
0.0314602
0.0314829
0.0315119
0.0315394
0.031574
0.0316069
0.0316462
0.0316858
0.0317275
0.031778
0.0318154
0.0318843
0.0319123
0.0320008
0.0320206
0.0321305
0.031431
0.0314359
0.0314416
0.0314496
0.0314606
0.0314735
0.0314902
0.0315079
0.0315305
0.0315528
0.0315812
0.0316082
0.0316424
0.0316746
0.0317136
0.0317523
0.0317941
0.0318428
0.0318812
0.0319478
0.0319767
0.0320637
0.0320837
0.032192
0.0315121
0.0315169
0.0315226
0.0315305
0.0315414
0.0315541
0.0315707
0.0315881
0.0316106
0.0316325
0.0316609
0.0316873
0.0317214
0.0317527
0.0317918
0.0318292
0.0318713
0.0319179
0.0319574
0.0320212
0.0320515
0.0321361
0.0321568
0.0322631
0.0316053
0.03161
0.0316156
0.0316233
0.0316341
0.0316465
0.0316628
0.0316799
0.0317019
0.0317233
0.0317512
0.031777
0.0318106
0.0318413
0.0318799
0.0319165
0.0319584
0.0320036
0.0320436
0.0321051
0.0321361
0.0322187
0.0322397
0.0323442
0.0317084
0.031713
0.0317185
0.0317261
0.0317368
0.031749
0.0317652
0.0317819
0.0318039
0.0318248
0.0318526
0.0318778
0.0319112
0.0319408
0.0319793
0.0320145
0.0320565
0.0320998
0.0321407
0.0321994
0.0322317
0.0323111
0.0323329
0.0324351
0.031823
0.0318275
0.0318329
0.0318404
0.0318508
0.0318628
0.0318786
0.0318949
0.0319164
0.0319369
0.0319641
0.0319887
0.0320216
0.0320505
0.0320885
0.0321229
0.0321645
0.0322064
0.0322476
0.032304
0.0323368
0.0324139
0.0324359
0.032536
0.0319483
0.0319526
0.031958
0.0319653
0.0319756
0.0319873
0.032003
0.0320189
0.0320402
0.0320602
0.0320872
0.032111
0.0321436
0.0321715
0.0322092
0.0322422
0.0322836
0.0323238
0.0323654
0.0324192
0.0324527
0.0325271
0.0325493
0.0326469
0.0320844
0.0320887
0.0320939
0.0321011
0.0321111
0.0321226
0.0321379
0.0321534
0.0321742
0.0321936
0.03222
0.0322432
0.0322753
0.0323025
0.0323396
0.0323716
0.0324126
0.0324514
0.032493
0.0325446
0.0325785
0.0326504
0.0326726
0.0327679
0.0322321
0.0322363
0.0322414
0.0322484
0.0322583
0.0322694
0.0322845
0.0322995
0.0323201
0.0323388
0.0323649
0.0323872
0.0324188
0.0324449
0.0324817
0.0325123
0.0325529
0.0325899
0.0326317
0.0326806
0.0327152
0.0327842
0.0328066
0.0328991
0.0323901
0.0323942
0.0323992
0.032406
0.0324157
0.0324264
0.0324412
0.0324557
0.0324757
0.0324939
0.0325194
0.0325411
0.0325721
0.0325974
0.0326334
0.0326631
0.0327031
0.0327388
0.0327801
0.0328268
0.0328618
0.032928
0.0329508
0.0330405
0.0325605
0.0325645
0.0325693
0.0325759
0.0325854
0.0325958
0.0326102
0.0326243
0.0326439
0.0326613
0.0326863
0.032707
0.0327374
0.0327616
0.032797
0.0328252
0.0328648
0.0328987
0.0329398
0.0329839
0.0330194
0.0330824
0.0331057
0.0331922
0.0327407
0.0327447
0.0327494
0.0327558
0.032765
0.0327751
0.032789
0.0328026
0.0328217
0.0328385
0.0328628
0.0328828
0.0329125
0.0329357
0.0329704
0.0329975
0.0330363
0.0330688
0.0331094
0.0331513
0.0331869
0.0332472
0.0332707
0.0333543
0.0329341
0.0329379
0.0329425
0.0329487
0.0329575
0.0329673
0.0329808
0.0329938
0.0330123
0.0330284
0.033052
0.033071
0.0330999
0.033122
0.0331559
0.0331815
0.0332196
0.0332503
0.0332905
0.0333298
0.0333657
0.0334228
0.0334467
0.0335269
0.0331369
0.0331407
0.0331452
0.0331512
0.0331598
0.0331691
0.0331822
0.0331946
0.0332126
0.033228
0.033251
0.0332691
0.0332972
0.0333182
0.0333512
0.0333757
0.0334128
0.0334421
0.0334815
0.0335187
0.0335545
0.0336086
0.0336329
0.0337099
0.0333537
0.0333573
0.0333615
0.0333672
0.0333755
0.0333844
0.033397
0.0334088
0.0334261
0.0334407
0.0334628
0.03348
0.0335071
0.033527
0.033559
0.033582
0.0336181
0.0336455
0.0336842
0.033719
0.0337548
0.0338056
0.0338301
0.0339037
0.0335796
0.0335832
0.0335874
0.0335928
0.0336008
0.0336092
0.0336214
0.0336326
0.0336492
0.033663
0.0336845
0.0337006
0.033727
0.0337457
0.0337767
0.0337984
0.0338335
0.0338594
0.0338971
0.0339298
0.0339653
0.034013
0.0340377
0.0341078
0.03382
0.0338234
0.0338273
0.0338324
0.03384
0.0338479
0.0338595
0.0338701
0.033886
0.0338989
0.0339194
0.0339345
0.0339598
0.0339773
0.0340072
0.0340273
0.0340613
0.0340853
0.034122
0.0341523
0.0341875
0.0342318
0.0342566
0.0343229
0.0340694
0.0340728
0.0340766
0.0340815
0.0340887
0.0340962
0.0341072
0.0341171
0.0341324
0.0341444
0.0341641
0.0341782
0.0342026
0.0342188
0.0342477
0.0342665
0.0342993
0.0343217
0.0343573
0.0343854
0.0344202
0.0344613
0.034486
0.0345486
0.0343336
0.0343368
0.0343403
0.0343449
0.0343517
0.0343587
0.0343691
0.0343783
0.0343927
0.0344039
0.0344225
0.0344356
0.0344587
0.0344737
0.0345012
0.0345185
0.0345501
0.0345705
0.0346049
0.0346307
0.0346649
0.0347026
0.0347271
0.0347857
0.0346068
0.03461
0.0346134
0.0346178
0.0346242
0.0346307
0.0346406
0.0346491
0.0346628
0.034673
0.0346908
0.0347027
0.0347249
0.0347385
0.034765
0.0347808
0.0348111
0.0348299
0.0348631
0.0348867
0.03492
0.0349545
0.034979
0.0350342
0.0348952
0.0348981
0.0349013
0.0349054
0.0349114
0.0349174
0.0349266
0.0349344
0.0349471
0.0349565
0.0349731
0.0349839
0.0350047
0.0350171
0.0350421
0.0350563
0.0350852
0.035102
0.035134
0.0351551
0.0351875
0.0352185
0.0352429
0.035294
0.0351926
0.0351956
0.0351986
0.0352024
0.035208
0.0352135
0.0352222
0.0352292
0.0352413
0.0352497
0.0352655
0.0352751
0.0352948
0.0353058
0.0353296
0.0353422
0.0353698
0.0353849
0.0354155
0.0354345
0.0354659
0.0354934
0.0355179
0.0355647
0.0355053
0.0355081
0.0355109
0.0355144
0.0355195
0.0355245
0.0355325
0.0355388
0.0355499
0.0355574
0.035572
0.0355805
0.0355989
0.0356084
0.0356308
0.0356417
0.0356678
0.0356807
0.03571
0.0357265
0.0357569
0.0357808
0.0358049
0.0358479
0.0358274
0.0358302
0.0358328
0.035836
0.0358408
0.0358452
0.0358527
0.0358582
0.0358686
0.0358751
0.0358888
0.0358961
0.0359134
0.0359216
0.0359426
0.035952
0.0359765
0.0359878
0.0360154
0.0360298
0.0360589
0.0360797
0.0361037
0.036142
0.0361647
0.0361673
0.0361697
0.0361726
0.0361769
0.0361809
0.0361875
0.0361924
0.0362018
0.0362074
0.0362199
0.0362261
0.036242
0.0362488
0.0362683
0.0362758
0.036299
0.0363079
0.0363342
0.0363459
0.0363738
0.0363913
0.036415
0.0364487
0.0365119
0.0365144
0.0365166
0.0365192
0.0365232
0.0365266
0.0365327
0.0365369
0.0365455
0.0365501
0.0365617
0.0365667
0.0365815
0.0365869
0.0366051
0.0366111
0.0366326
0.0366399
0.0366643
0.0366739
0.0367002
0.0367147
0.036738
0.0367672
0.0368739
0.0368764
0.0368783
0.0368807
0.0368841
0.0368871
0.0368924
0.0368959
0.0369035
0.0369073
0.0369176
0.0369215
0.0369348
0.0369388
0.0369556
0.0369597
0.03698
0.0369847
0.0370079
0.0370147
0.0370397
0.0370508
0.0370739
0.0370984
0.0372468
0.037249
0.0372508
0.0372529
0.0372559
0.0372584
0.0372631
0.0372659
0.0372727
0.0372755
0.0372849
0.0372875
0.0372998
0.0373024
0.0373178
0.0373205
0.0373389
0.0373423
0.0373635
0.0373681
0.0373914
0.0373995
0.0374219
0.0374416
0.0376337
0.037636
0.0376376
0.0376394
0.0376419
0.0376439
0.037648
0.03765
0.0376559
0.0376578
0.0376659
0.0376675
0.0376783
0.0376795
0.0376934
0.0376942
0.0377115
0.0377122
0.0377324
0.0377342
0.0377562
0.037761
0.0377826
0.0377977
0.0380325
0.0380346
0.038036
0.0380375
0.0380397
0.0380412
0.0380447
0.038046
0.0380511
0.0380521
0.0380592
0.0380596
0.0380693
0.0380691
0.0380816
0.0380809
0.0380962
0.0380956
0.0381138
0.0381135
0.0381339
0.0381358
0.038156
0.0381664
0.0384447
0.0384469
0.0384481
0.0384493
0.0384511
0.0384522
0.0384549
0.0384556
0.0384597
0.0384598
0.0384658
0.0384651
0.0384733
0.0384717
0.0384827
0.0384801
0.0384944
0.0384909
0.0385082
0.0385051
0.0385243
0.038523
0.0385424
0.038548
0.03887
0.0388719
0.0388729
0.0388739
0.0388753
0.0388759
0.0388781
0.0388781
0.0388815
0.0388806
0.0388857
0.0388838
0.0388909
0.0388879
0.0388974
0.0388933
0.0389055
0.0389006
0.0389158
0.0389105
0.0389281
0.0389239
0.0389421
0.038943
0.0393079
0.0393099
0.0393107
0.0393115
0.0393124
0.0393126
0.039314
0.0393134
0.0393158
0.0393142
0.039318
0.0393151
0.0393209
0.0393164
0.0393246
0.0393185
0.0393297
0.0393221
0.0393362
0.039328
0.0393444
0.039337
0.0393543
0.0393511
0.0397601
0.0397619
0.0397625
0.039763
0.0397635
0.0397632
0.0397641
0.0397628
0.0397645
0.0397619
0.0397648
0.0397607
0.0397653
0.0397595
0.0397663
0.0397587
0.0397679
0.0397586
0.0397708
0.0397601
0.0397748
0.0397642
0.0397801
0.0397732
0.0402242
0.0402261
0.0402265
0.0402268
0.0402269
0.0402261
0.0402263
0.0402244
0.0402251
0.0402217
0.0402234
0.0402183
0.0402216
0.0402145
0.0402199
0.0402104
0.0402187
0.0402068
0.0402179
0.0402043
0.0402179
0.0402038
0.0402188
0.0402076
0.0407037
0.0407054
0.0407056
0.0407056
0.0407053
0.0407041
0.0407037
0.0407011
0.040701
0.0406967
0.0406974
0.0406912
0.0406932
0.0406847
0.0406887
0.0406776
0.0406841
0.0406702
0.0406799
0.0406634
0.0406758
0.0406581
0.0406721
0.0406561
0.0411947
0.0411963
0.0411963
0.0411961
0.0411954
0.0411937
0.0411926
0.0411894
0.0411884
0.0411833
0.0411828
0.0411755
0.0411763
0.0411664
0.0411692
0.0411563
0.0411617
0.0411456
0.0411541
0.0411349
0.0411463
0.041125
0.0411383
0.0411178
0.0417017
0.0417032
0.041703
0.0417025
0.0417013
0.0416993
0.0416975
0.0416936
0.0416917
0.0416857
0.0416842
0.0416757
0.0416752
0.041664
0.0416652
0.0416506
0.0416545
0.0416361
0.0416433
0.0416211
0.0416317
0.0416066
0.0416194
0.0415943
0.0422199
0.0422215
0.0422211
0.0422203
0.0422187
0.0422162
0.0422138
0.0422092
0.0422064
0.0421996
0.042197
0.0421875
0.0421858
0.0421731
0.0421731
0.0421568
0.0421593
0.042139
0.0421448
0.04212
0.0421297
0.042101
0.0421135
0.0420836
0.0427546
0.042756
0.0427554
0.0427544
0.0427524
0.0427494
0.0427463
0.0427411
0.0427373
0.0427296
0.0427259
0.0427152
0.0427121
0.042698
0.0426966
0.0426784
0.0426796
0.0426565
0.0426615
0.0426334
0.0426424
0.0426096
0.0426224
0.042587
0.0433006
0.0433019
0.0433012
0.0432999
0.0432974
0.043294
0.0432903
0.0432844
0.0432798
0.0432712
0.0432665
0.0432547
0.0432505
0.043235
0.0432323
0.0432125
0.0432123
0.0431874
0.0431909
0.0431601
0.0431683
0.0431314
0.0431448
0.0431043
0.0438628
0.0438641
0.0438631
0.0438616
0.0438587
0.0438548
0.0438503
0.0438438
0.0438383
0.0438288
0.0438229
0.0438099
0.0438044
0.0437874
0.0437833
0.0437614
0.0437602
0.0437323
0.0437354
0.0437007
0.0437088
0.0436672
0.0436811
0.0436356
0.0444368
0.044438
0.0444368
0.044435
0.0444317
0.0444274
0.0444223
0.0444151
0.0444089
0.0443985
0.0443916
0.0443775
0.044371
0.0443525
0.0443474
0.0443237
0.0443212
0.0442913
0.0442932
0.0442556
0.0442636
0.0442175
0.0442312
0.0441811
0.0450262
0.0450274
0.045026
0.0450241
0.0450202
0.0450155
0.0450097
0.0450018
0.0449946
0.0449833
0.0449753
0.04496
0.0449523
0.0449322
0.0449259
0.0448999
0.0448968
0.0448635
0.0448653
0.0448233
0.0448325
0.0447811
0.044795
0.0447404
0.0456281
0.0456291
0.0456276
0.0456254
0.0456212
0.0456161
0.0456097
0.0456012
0.0455933
0.0455811
0.0455723
0.0455558
0.0455472
0.0455256
0.0455184
0.0454905
0.0454864
0.0454507
0.045452
0.0454064
0.0454153
0.0453605
0.0453736
0.0453146
0.0462443
0.0462454
0.0462437
0.0462412
0.0462366
0.046231
0.046224
0.0462149
0.046206
0.0461929
0.0461831
0.0461653
0.0461557
0.0461322
0.0461244
0.0460938
0.0460898
0.0460503
0.0460524
0.0460022
0.0460109
0.0459525
0.0459653
0.0459021
0.0468738
0.0468747
0.0468728
0.0468702
0.0468651
0.0468593
0.0468517
0.046842
0.0468326
0.0468186
0.0468081
0.046789
0.0467789
0.0467535
0.0467454
0.0467122
0.0467082
0.0466653
0.0466674
0.0466145
0.0466219
0.0465606
0.0465724
0.0465051
0.0475161
0.0475171
0.047515
0.0475122
0.0475067
0.0475005
0.0474923
0.047482
0.0474718
0.0474568
0.0474458
0.0474251
0.0474147
0.0473868
0.047379
0.0473425
0.0473391
0.0472926
0.0472943
0.0472388
0.0472452
0.0471809
0.0471921
0.0471211
0.0481725
0.0481733
0.0481711
0.0481681
0.0481623
0.0481558
0.0481471
0.0481363
0.0481256
0.0481095
0.0480985
0.0480758
0.0480659
0.0480352
0.0480283
0.0479887
0.0479848
0.0479368
0.0479368
0.0478794
0.0478845
0.0478174
0.0478278
0.0477528
0.0488401
0.0488411
0.0488387
0.0488357
0.0488295
0.0488227
0.0488134
0.0488019
0.0487911
0.0487735
0.0487628
0.0487377
0.0487284
0.0486955
0.0486878
0.0486469
0.0486419
0.0485922
0.0485911
0.0485317
0.0485356
0.048466
0.0484757
0.0483973
0.0495223
0.0495233
0.0495205
0.0495177
0.049511
0.0495042
0.0494944
0.0494822
0.0494716
0.0494525
0.0494419
0.0494157
0.0494055
0.0493718
0.0493629
0.0493211
0.0493146
0.0492636
0.0492611
0.0491998
0.0492027
0.0491305
0.0491394
0.0490573
0.0502148
0.0502159
0.0502128
0.0502101
0.0502027
0.0501962
0.0501857
0.0501733
0.050162
0.0501425
0.0501311
0.0501043
0.0500932
0.0500588
0.0500488
0.050006
0.0499985
0.0499463
0.0499426
0.0498798
0.0498815
0.0498072
0.0498152
0.0497302
0.0509218
0.0509228
0.0509197
0.0509168
0.0509094
0.0509025
0.0508913
0.0508796
0.0508671
0.0508475
0.0508353
0.050808
0.0507961
0.050761
0.05075
0.0507063
0.0506976
0.0506441
0.0506394
0.0505748
0.0505756
0.0504989
0.0505063
0.0504179
0.0516384
0.0516394
0.0516364
0.0516332
0.0516258
0.0516187
0.0516071
0.0515957
0.0515815
0.051563
0.0515494
0.051522
0.0515093
0.0514737
0.0514618
0.0514175
0.0514078
0.0513535
0.0513476
0.0512819
0.0512815
0.0512031
0.0512097
0.0511187
0.052369
0.0523701
0.052367
0.0523638
0.0523563
0.0523491
0.0523373
0.0523257
0.0523106
0.0522927
0.0522773
0.0522506
0.0522368
0.0522007
0.0521879
0.0521429
0.0521323
0.0520768
0.05207
0.0520027
0.0520015
0.051921
0.0519271
0.0518332
0.0531095
0.0531105
0.0531074
0.0531041
0.0530966
0.0530893
0.0530772
0.0530657
0.05305
0.0530325
0.0530159
0.0529899
0.0529745
0.0529385
0.052925
0.0528796
0.0528679
0.052812
0.052804
0.052736
0.0527336
0.0526518
0.052657
0.0525609
0.053863
0.0538641
0.053861
0.0538577
0.0538501
0.0538427
0.0538304
0.0538188
0.0538026
0.0537853
0.0537676
0.0537419
0.0537252
0.0536895
0.0536748
0.0536288
0.0536164
0.0535593
0.0535508
0.0534813
0.0534782
0.0533948
0.0533994
0.053301
0.0546271
0.0546281
0.0546251
0.0546218
0.054614
0.0546066
0.0545942
0.0545825
0.0545659
0.0545489
0.0545304
0.054505
0.0544873
0.0544517
0.0544361
0.0543897
0.0543764
0.054319
0.0543093
0.0542393
0.0542352
0.0541507
0.0541545
0.0540542
0.0554033
0.0554044
0.0554013
0.055398
0.0553901
0.0553827
0.05537
0.0553582
0.0553411
0.0553241
0.0553047
0.0552794
0.0552607
0.0552249
0.0552084
0.0551616
0.0551476
0.0550892
0.055079
0.0550078
0.055003
0.0549172
0.0549204
0.0548184
0.0561912
0.0561923
0.0561891
0.0561858
0.0561777
0.0561702
0.0561572
0.0561453
0.0561278
0.0561109
0.0560906
0.0560655
0.0560458
0.05601
0.0559926
0.0559454
0.0559306
0.0558718
0.0558605
0.0557888
0.055783
0.0556963
0.0556988
0.0555952
0.0569899
0.0569911
0.0569878
0.0569845
0.0569761
0.0569685
0.0569551
0.0569429
0.0569249
0.0569077
0.0568864
0.0568614
0.0568405
0.0568045
0.0567863
0.0567384
0.0567232
0.0566634
0.0566516
0.0565791
0.0565725
0.056485
0.0564868
0.0563821
0.0578011
0.0578023
0.0577988
0.0577954
0.0577867
0.0577788
0.057765
0.0577525
0.0577339
0.0577164
0.057694
0.0576692
0.0576469
0.0576111
0.0575917
0.0575435
0.0575275
0.0574671
0.0574543
0.0573813
0.0573738
0.0572856
0.0572867
0.0571808
0.0586216
0.0586229
0.0586191
0.0586155
0.0586065
0.0585981
0.0585838
0.0585708
0.0585515
0.0585336
0.0585101
0.0584855
0.0584615
0.0584261
0.0584052
0.0583568
0.0583401
0.0582791
0.0582656
0.0581922
0.0581839
0.0580954
0.0580958
0.0579894
0.0594536
0.0594548
0.0594509
0.059447
0.0594377
0.0594289
0.0594141
0.0594005
0.0593805
0.0593621
0.0593376
0.059313
0.0592872
0.0592526
0.0592296
0.0591818
0.0591636
0.0591023
0.0590882
0.0590143
0.0590053
0.0589163
0.0589161
0.0588089
0.060292
0.0602931
0.0602892
0.060285
0.0602756
0.0602663
0.0602512
0.0602371
0.0602166
0.0601977
0.0601724
0.0601478
0.0601205
0.0600867
0.0600614
0.0600149
0.0599945
0.0599343
0.0599193
0.0598455
0.0598356
0.0597468
0.0597459
0.0596386
0.0611383
0.0611395
0.0611356
0.0611313
0.0611219
0.0611124
0.0610972
0.0610828
0.0610621
0.0610429
0.0610172
0.0609926
0.060964
0.060931
0.0609037
0.0608587
0.0608362
0.0607767
0.0607608
0.0606869
0.0606765
0.0605876
0.0605864
0.0604788
0.0619871
0.0619882
0.0619847
0.0619805
0.0619713
0.0619621
0.0619472
0.0619332
0.0619127
0.0618938
0.0618682
0.061844
0.061815
0.061783
0.0617542
0.061711
0.0616865
0.0616289
0.0616111
0.0615386
0.0615275
0.0614391
0.0614377
0.0613304
0.0628392
0.0628405
0.0628373
0.0628335
0.062825
0.0628165
0.0628024
0.0627892
0.0627695
0.0627516
0.0627267
0.0627034
0.0626747
0.0626439
0.0626145
0.062573
0.0625469
0.0624911
0.0624717
0.0624004
0.0623889
0.0623007
0.0622993
0.0621923
0.0636916
0.063693
0.0636904
0.0636874
0.0636799
0.0636725
0.0636598
0.063648
0.0636299
0.0636136
0.0635903
0.0635688
0.0635414
0.0635125
0.0634836
0.0634444
0.0634175
0.0633644
0.0633438
0.0632733
0.063262
0.0631741
0.0631728
0.0630661
0.0645463
0.0645481
0.0645461
0.064544
0.0645376
0.0645316
0.0645205
0.0645106
0.0644944
0.0644803
0.064459
0.06444
0.0644144
0.0643881
0.0643608
0.0643242
0.0642979
0.0642475
0.0642266
0.0641579
0.0641463
0.0640583
0.0640571
0.0639505
0.0654062
0.0654082
0.0654068
0.0654056
0.0654002
0.0653957
0.0653862
0.0653782
0.0653641
0.0653523
0.0653334
0.0653171
0.065294
0.0652706
0.0652458
0.0652122
0.0651879
0.0651406
0.0651211
0.0650546
0.065044
0.064956
0.064955
0.0648472
0.0662762
0.0662788
0.0662773
0.0662772
0.0662722
0.0662691
0.0662603
0.0662541
0.0662412
0.0662315
0.0662143
0.0662006
0.0661795
0.0661588
0.0661373
0.0661055
0.0660858
0.0660394
0.0660249
0.0659593
0.0659528
0.0658659
0.0658661
0.0657578
0.067165
0.0671683
0.067166
0.0671672
0.067161
0.0671597
0.0671494
0.0671456
0.0671312
0.0671241
0.0671065
0.0670948
0.0670746
0.0670553
0.067038
0.0670036
0.0669934
0.0669416
0.0669374
0.0668693
0.0668698
0.0667851
0.0667889
0.0666861
0.0680807
0.0680834
0.068082
0.0680812
0.0680762
0.0680722
0.0680632
0.0680562
0.0680432
0.0680333
0.0680162
0.0680034
0.0679825
0.0679653
0.0679452
0.0679139
0.0679032
0.0678537
0.0678509
0.067785
0.0677888
0.0677062
0.0677147
0.0676197
0.0690325
0.069035
0.069033
0.0690313
0.0690248
0.0690191
0.069008
0.0689988
0.0689832
0.0689707
0.0689509
0.0689354
0.0689118
0.0688929
0.0688679
0.06884
0.0688218
0.0687757
0.0687712
0.0687046
0.0687105
0.068626
0.0686379
0.0685431
0.0700264
0.0700286
0.0700258
0.0700227
0.0700143
0.0700062
0.0699922
0.0699796
0.0699602
0.0699435
0.0699192
0.069899
0.0698704
0.0698468
0.0698161
0.0697851
0.0697601
0.0697139
0.069703
0.0696337
0.0696398
0.0695504
0.0695646
0.0694658
0.0710661
0.0710685
0.0710642
0.0710602
0.0710494
0.071039
0.0710213
0.0710053
0.0709809
0.0709597
0.0709291
0.0709032
0.0708674
0.070837
0.0707981
0.0707602
0.0707272
0.0706733
0.0706564
0.0705783
0.070582
0.070484
0.0704989
0.0703917
0.0721521
0.0721549
0.072149
0.0721445
0.0721312
0.072119
0.0720976
0.072079
0.0720488
0.0720249
0.071986
0.0719565
0.0719109
0.0718741
0.0718258
0.0717782
0.0717368
0.0716682
0.0716443
0.0715526
0.071549
0.0714377
0.0714502
0.0713293
0.0732804
0.0732826
0.0732774
0.0732705
0.0732571
0.0732418
0.0732196
0.0731964
0.0731652
0.0731343
0.0730942
0.0730558
0.0730069
0.0729612
0.0729043
0.0728508
0.0727917
0.0727187
0.0726771
0.0725728
0.0725547
0.072425
0.0724293
0.0722866
0.0744459
0.0744478
0.0744425
0.074435
0.074421
0.0744047
0.0743811
0.0743563
0.0743231
0.0742899
0.0742467
0.074205
0.074152
0.0741014
0.0740389
0.0739786
0.0739083
0.0738345
0.0737655
0.0736632
0.0736187
0.0734716
0.0734595
0.0732838
0.075639
0.0756408
0.0756356
0.075628
0.0756138
0.0755972
0.0755733
0.075548
0.0755141
0.07548
0.0754359
0.0753927
0.0753382
0.0752856
0.0752206
0.0751572
0.075083
0.0750051
0.0749256
0.0748254
0.0747514
0.0746073
0.0745682
0.0743552
0.0768528
0.0768546
0.0768498
0.0768424
0.0768285
0.0768122
0.0767887
0.0767638
0.0767304
0.0766966
0.076653
0.0766103
0.0765562
0.076504
0.0764394
0.0763764
0.0763023
0.0762247
0.0761447
0.0760458
0.075966
0.0758299
0.0757734
0.0755485
0.078077
0.0780792
0.0780747
0.0780678
0.0780545
0.0780391
0.0780165
0.0779927
0.0779604
0.0779281
0.0778859
0.077845
0.0777927
0.0777426
0.0776803
0.0776198
0.0775484
0.0774739
0.0773987
0.077301
0.0772331
0.0770954
0.0770554
0.0768577
0.0793054
0.0793078
0.0793037
0.0792975
0.079285
0.0792707
0.0792493
0.079227
0.0791964
0.0791661
0.079126
0.0790875
0.0790378
0.0789907
0.0789315
0.0788747
0.078807
0.0787371
0.0786665
0.0785746
0.0785123
0.0783824
0.0783452
0.0781619
0.0805295
0.0805323
0.0805286
0.0805232
0.0805116
0.0804986
0.0804786
0.0804581
0.0804293
0.0804015
0.0803637
0.0803283
0.0802814
0.0802379
0.0801823
0.0801297
0.0800662
0.0800017
0.0799355
0.0798503
0.0797925
0.0796723
0.0796374
0.0794678
0.081744
0.0817474
0.0817439
0.0817396
0.0817288
0.0817174
0.0816986
0.0816804
0.0816533
0.0816283
0.0815927
0.0815609
0.0815167
0.0814774
0.0814252
0.0813772
0.0813181
0.0812592
0.0811976
0.0811187
0.0810664
0.0809554
0.0809229
0.080767
0.0829437
0.0829475
0.0829437
0.0829412
0.0829305
0.0829214
0.0829032
0.082888
0.0828618
0.0828407
0.0828063
0.0827793
0.0827366
0.082703
0.0826529
0.0826109
0.0825553
0.0825023
0.0824453
0.0823733
0.0823248
0.0822238
0.0821935
0.0820512
0.0841246
0.0841285
0.0841251
0.0841237
0.0841134
0.0841064
0.0840889
0.0840767
0.0840514
0.0840344
0.0840008
0.0839791
0.0839373
0.0839102
0.083861
0.0838267
0.0837728
0.0837265
0.0836744
0.0836086
0.0835642
0.0834731
0.083445
0.0833159
0.0852823
0.0852863
0.0852839
0.0852823
0.0852743
0.085267
0.0852529
0.0852405
0.0852195
0.0852026
0.0851741
0.0851531
0.0851167
0.0850914
0.0850476
0.0850165
0.0849675
0.0849272
0.0848778
0.0848197
0.0847791
0.0846978
0.0846717
0.0845555
0.0864152
0.0864191
0.0864174
0.0864162
0.0864096
0.0864031
0.086391
0.0863797
0.0863617
0.086346
0.0863215
0.0863018
0.0862705
0.0862467
0.0862086
0.0861799
0.0861364
0.0861006
0.0860548
0.0860057
0.0859677
0.0858955
0.0858714
0.0857677
0.0875195
0.0875236
0.0875224
0.0875216
0.0875161
0.0875106
0.0875002
0.0874904
0.0874747
0.0874609
0.0874394
0.0874219
0.0873943
0.0873731
0.0873395
0.0873141
0.0872753
0.0872441
0.0872022
0.0871614
0.0871249
0.0870619
0.08704
0.0869483
0.0885948
0.0885989
0.0885981
0.0885979
0.0885934
0.0885888
0.08858
0.0885716
0.088558
0.0885461
0.0885274
0.0885122
0.088488
0.0884696
0.08844
0.088418
0.0883836
0.0883568
0.0883193
0.0882845
0.08825
0.0881968
0.0881768
0.0880965
0.0896382
0.0896423
0.089642
0.0896422
0.0896386
0.089635
0.0896276
0.0896207
0.089609
0.089599
0.0895827
0.0895699
0.0895488
0.0895332
0.0895072
0.0894886
0.0894582
0.0894356
0.0894024
0.0893733
0.0893412
0.0892968
0.089279
0.0892095
0.0906499
0.090654
0.0906541
0.0906547
0.090652
0.0906493
0.0906432
0.0906376
0.0906277
0.0906195
0.0906056
0.0905949
0.0905768
0.0905638
0.0905413
0.0905258
0.0904993
0.0904806
0.0904514
0.0904273
0.0903986
0.0903627
0.0903456
0.0902868
0.0916279
0.0916319
0.0916323
0.0916334
0.0916314
0.0916296
0.0916247
0.0916204
0.0916122
0.0916057
0.0915939
0.0915854
0.0915699
0.0915594
0.0915402
0.0915276
0.0915048
0.0914897
0.0914644
0.0914448
0.0914198
0.0913912
0.0913756
0.0913262
0.0925728
0.0925768
0.0925775
0.0925789
0.0925776
0.0925766
0.0925728
0.0925697
0.0925631
0.0925582
0.0925485
0.0925419
0.0925289
0.0925208
0.0925045
0.0924949
0.0924755
0.0924637
0.0924421
0.0924268
0.0924052
0.0923831
0.0923691
0.0923282
0.0934832
0.0934871
0.0934881
0.0934898
0.0934891
0.0934889
0.0934861
0.0934841
0.0934789
0.0934755
0.0934676
0.0934629
0.0934523
0.0934464
0.0934329
0.0934259
0.0934096
0.0934011
0.0933829
0.0933716
0.0933536
0.0933364
0.093324
0.0932917
0.0943602
0.094364
0.0943652
0.0943672
0.0943671
0.0943675
0.0943657
0.0943647
0.0943609
0.0943588
0.0943527
0.0943497
0.0943412
0.0943374
0.0943264
0.0943219
0.0943085
0.094303
0.0942879
0.0942803
0.0942655
0.0942532
0.0942424
0.094218
0.0952025
0.0952062
0.0952076
0.0952099
0.0952103
0.0952114
0.0952104
0.0952104
0.0952077
0.0952069
0.0952024
0.095201
0.0951945
0.0951926
0.095184
0.0951818
0.095171
0.0951683
0.0951561
0.0951518
0.0951398
0.0951316
0.0951234
0.0951059
0.0960119
0.0960155
0.0960171
0.0960196
0.0960205
0.0960221
0.0960219
0.0960227
0.0960212
0.0960216
0.0960186
0.0960186
0.0960139
0.0960138
0.0960074
0.0960072
0.095999
0.0959988
0.0959892
0.0959881
0.0959787
0.0959745
0.0959684
0.0959573
0.0967874
0.0967908
0.0967926
0.0967953
0.0967966
0.0967986
0.0967991
0.0968008
0.0968003
0.0968017
0.0968
0.0968014
0.0967984
0.0967999
0.0967955
0.0967973
0.0967913
0.0967935
0.0967864
0.0967882
0.0967813
0.0967809
0.096777
0.096771
0.0975309
0.0975342
0.0975361
0.0975389
0.0975406
0.0975431
0.0975443
0.0975466
0.097547
0.0975494
0.0975489
0.0975515
0.0975501
0.097553
0.0975504
0.097554
0.0975502
0.0975544
0.0975496
0.0975541
0.0975494
0.0975524
0.0975505
0.0975495
0.0982416
0.0982448
0.0982467
0.0982497
0.0982517
0.0982546
0.0982563
0.0982593
0.0982605
0.0982638
0.0982644
0.0982681
0.098268
0.0982723
0.0982713
0.0982765
0.0982745
0.0982807
0.098278
0.0982849
0.0982822
0.0982884
0.0982879
0.0982915
0.0989218
0.0989249
0.0989269
0.09893
0.0989323
0.0989355
0.0989377
0.0989412
0.0989432
0.0989472
0.0989488
0.0989535
0.0989546
0.0989601
0.0989606
0.0989672
0.0989669
0.0989749
0.0989738
0.0989829
0.0989819
0.098991
0.0989918
0.0989995
0.0995707
0.0995736
0.0995757
0.0995789
0.0995814
0.0995849
0.0995876
0.0995916
0.0995942
0.0995989
0.0996014
0.0996069
0.0996091
0.0996158
0.0996175
0.0996254
0.0996265
0.0996361
0.0996366
0.0996477
0.0996481
0.0996599
0.0996616
0.099673
0.100191
0.100194
0.100196
0.100199
0.100202
0.100206
0.100209
0.100213
0.100216
0.100221
0.100225
0.100231
0.100234
0.100242
0.100245
0.100254
0.100256
0.100267
0.100269
0.100282
0.100283
0.100297
0.1003
0.100315
0.100781
0.100784
0.100786
0.10079
0.100793
0.100797
0.1008
0.100805
0.100808
0.100814
0.100818
0.100825
0.100829
0.100838
0.100841
0.100851
0.100855
0.100867
0.10087
0.100885
0.100887
0.100903
0.100907
0.100924
0.101345
0.101348
0.10135
0.101353
0.101356
0.101361
0.101364
0.101369
0.101373
0.10138
0.101384
0.101392
0.101397
0.101406
0.10141
0.101421
0.101426
0.101439
0.101443
0.101459
0.101463
0.101481
0.101485
0.101505
0.101882
0.101884
0.101886
0.10189
0.101893
0.101897
0.101901
0.101906
0.101911
0.101917
0.101922
0.101931
0.101936
0.101946
0.101951
0.101963
0.101968
0.101983
0.101987
0.102004
0.102009
0.102028
0.102033
0.102055
0.102393
0.102395
0.102398
0.102401
0.102404
0.102409
0.102413
0.102418
0.102423
0.10243
0.102436
0.102444
0.10245
0.10246
0.102466
0.102479
0.102485
0.1025
0.102506
0.102524
0.102529
0.10255
0.102554
0.102579
0.102879
0.102881
0.102883
0.102887
0.10289
0.102894
0.102899
0.102904
0.10291
0.102917
0.102923
0.102932
0.102938
0.102949
0.102956
0.102969
0.102975
0.102991
0.102997
0.103016
0.103022
0.103044
0.103049
0.103076
0.103342
0.103344
0.103346
0.103349
0.103353
0.103357
0.103362
0.103368
0.103373
0.103381
0.103387
0.103396
0.103403
0.103414
0.103421
0.103435
0.103442
0.103459
0.103465
0.103485
0.103491
0.103515
0.10352
0.103548
0.103781
0.103783
0.103785
0.103789
0.103792
0.103797
0.103801
0.103807
0.103813
0.103821
0.103827
0.103837
0.103844
0.103855
0.103863
0.103877
0.103885
0.103902
0.103909
0.103929
0.103936
0.10396
0.103966
0.103995
0.1042
0.104202
0.104204
0.104207
0.10421
0.104215
0.10422
0.104226
0.104232
0.10424
0.104246
0.104256
0.104263
0.104275
0.104283
0.104298
0.104306
0.104323
0.104331
0.104352
0.104359
0.104384
0.10439
0.10442
0.104597
0.104598
0.1046
0.104604
0.104607
0.104612
0.104616
0.104623
0.104628
0.104637
0.104643
0.104653
0.104661
0.104673
0.104681
0.104696
0.104705
0.104722
0.10473
0.104752
0.104759
0.104785
0.104791
0.104823
0.104974
0.104976
0.104978
0.104981
0.104985
0.104989
0.104994
0.105001
0.105006
0.105015
0.105021
0.105032
0.105039
0.105052
0.10506
0.105075
0.105084
0.105102
0.10511
0.105132
0.10514
0.105166
0.105173
0.105205
0.105332
0.105334
0.105336
0.105339
0.105342
0.105347
0.105352
0.105358
0.105364
0.105372
0.105379
0.10539
0.105398
0.10541
0.105419
0.105434
0.105443
0.105461
0.10547
0.105492
0.1055
0.105526
0.105533
0.105566
0.105673
0.105674
0.105676
0.105679
0.105683
0.105687
0.105692
0.105699
0.105705
0.105713
0.10572
0.10573
0.105738
0.105751
0.10576
0.105775
0.105784
0.105802
0.105811
0.105834
0.105841
0.105869
0.105875
0.105908
0.105995
0.105997
0.105999
0.106002
0.106005
0.10601
0.106014
0.106021
0.106027
0.106035
0.106042
0.106053
0.106061
0.106074
0.106082
0.106098
0.106107
0.106126
0.106134
0.106157
0.106165
0.106192
0.106198
0.106232
0.106302
0.106303
0.106305
0.106308
0.106311
0.106316
0.106321
0.106327
0.106333
0.106342
0.106349
0.106359
0.106367
0.10638
0.106389
0.106404
0.106413
0.106432
0.106441
0.106464
0.106471
0.106499
0.106505
0.106538
0.106592
0.106594
0.106595
0.106598
0.106602
0.106606
0.106611
0.106618
0.106623
0.106632
0.106639
0.10665
0.106658
0.106671
0.106679
0.106695
0.106704
0.106723
0.106731
0.106754
0.106762
0.10679
0.106796
0.106829
0.106868
0.106869
0.106871
0.106874
0.106877
0.106882
0.106886
0.106893
0.106899
0.106907
0.106914
0.106925
0.106933
0.106946
0.106954
0.10697
0.106979
0.106998
0.107006
0.10703
0.107037
0.107065
0.107071
0.107105
0.10713
0.107131
0.107133
0.107136
0.107139
0.107143
0.107148
0.107154
0.10716
0.107169
0.107176
0.107186
0.107194
0.107207
0.107216
0.107232
0.10724
0.107259
0.107268
0.107291
0.107298
0.107326
0.107332
0.107366
0.107378
0.107379
0.10738
0.107383
0.107386
0.107391
0.107395
0.107402
0.107408
0.107416
0.107423
0.107434
0.107441
0.107455
0.107463
0.107479
0.107487
0.107506
0.107515
0.107538
0.107545
0.107573
0.107579
0.107613
0.107613
0.107614
0.107616
0.107619
0.107622
0.107626
0.107631
0.107637
0.107643
0.107652
0.107658
0.107669
0.107677
0.10769
0.107698
0.107714
0.107722
0.107741
0.10775
0.107773
0.10778
0.107808
0.107813
0.107847
0.107836
0.107837
0.107839
0.107841
0.107844
0.107849
0.107853
0.10786
0.107865
0.107874
0.10788
0.107891
0.107899
0.107912
0.10792
0.107936
0.107944
0.107963
0.107971
0.107994
0.108001
0.108029
0.108035
0.108068
0.108048
0.108049
0.108051
0.108053
0.108056
0.108061
0.108065
0.108072
0.108077
0.108086
0.108092
0.108103
0.10811
0.108123
0.108131
0.108147
0.108155
0.108174
0.108182
0.108205
0.108212
0.10824
0.108245
0.108279
0.108248
0.108249
0.108251
0.108253
0.108256
0.108261
0.108265
0.108271
0.108277
0.108285
0.108292
0.108302
0.10831
0.108323
0.108331
0.108346
0.108354
0.108373
0.108381
0.108404
0.108411
0.108439
0.108443
0.108477
0.108439
0.10844
0.108442
0.108444
0.108447
0.108452
0.108456
0.108462
0.108467
0.108476
0.108482
0.108493
0.1085
0.108513
0.10852
0.108536
0.108544
0.108563
0.108571
0.108593
0.1086
0.108628
0.108632
0.108665
0.108619
0.10862
0.108622
0.108624
0.108627
0.108631
0.108635
0.108642
0.108647
0.108655
0.108661
0.108672
0.108679
0.108692
0.108699
0.108715
0.108723
0.108742
0.108749
0.108772
0.108778
0.108806
0.10881
0.108843
0.108791
0.108792
0.108793
0.108796
0.108798
0.108803
0.108807
0.108813
0.108818
0.108826
0.108832
0.108843
0.108849
0.108863
0.10887
0.108886
0.108893
0.108912
0.108919
0.108942
0.108947
0.108975
0.108979
0.109012
0.108953
0.108953
0.108955
0.108957
0.10896
0.108964
0.108968
0.108974
0.108979
0.108987
0.108993
0.109004
0.10901
0.109023
0.10903
0.109046
0.109053
0.109072
0.109079
0.109102
0.109107
0.109134
0.109138
0.109171
0.109107
0.109107
0.109109
0.109111
0.109114
0.109118
0.109122
0.109128
0.109133
0.109141
0.109147
0.109157
0.109163
0.109177
0.109183
0.109199
0.109206
0.109225
0.109231
0.109254
0.109259
0.109286
0.10929
0.109322
0.109252
0.109253
0.109254
0.109256
0.109259
0.109263
0.109267
0.109273
0.109278
0.109286
0.109291
0.109302
0.109308
0.109321
0.109327
0.109343
0.109349
0.109369
0.109374
0.109397
0.109402
0.109429
0.109432
0.109464
0.10939
0.109391
0.109392
0.109395
0.109397
0.109401
0.109405
0.109411
0.109415
0.109424
0.109429
0.109439
0.109445
0.109458
0.109464
0.10948
0.109486
0.109506
0.109511
0.109534
0.109538
0.109565
0.109568
0.1096
0.10952
0.109521
0.109522
0.109525
0.109527
0.109531
0.109535
0.109541
0.109545
0.109554
0.109559
0.109569
0.109575
0.109588
0.109593
0.109609
0.109615
0.109635
0.109639
0.109662
0.109666
0.109693
0.109696
0.109727
0.109644
0.109645
0.109646
0.109649
0.109651
0.109655
0.109658
0.109665
0.109669
0.109677
0.109682
0.109693
0.109698
0.109711
0.109716
0.109732
0.109737
0.109757
0.109761
0.109784
0.109788
0.109815
0.109817
0.109848
0.109761
0.109762
0.109763
0.109765
0.109768
0.109772
0.109775
0.109781
0.109785
0.109794
0.109798
0.109809
0.109814
0.109827
0.109832
0.109848
0.109852
0.109872
0.109876
0.109899
0.109903
0.109929
0.109932
0.109962
0.109872
0.109873
0.109874
0.109876
0.109878
0.109883
0.109886
0.109892
0.109896
0.109904
0.109908
0.109919
0.109924
0.109938
0.109942
0.109958
0.109962
0.109982
0.109986
0.110009
0.110012
0.110038
0.11004
0.11007
0.109977
0.109977
0.109978
0.109981
0.109983
0.109987
0.10999
0.109996
0.11
0.110008
0.110012
0.110023
0.110027
0.110041
0.110045
0.110062
0.110065
0.110085
0.110088
0.110111
0.110114
0.11014
0.110143
0.110172
0.110076
0.110077
0.110078
0.11008
0.110082
0.110086
0.110089
0.110096
0.110099
0.110108
0.110111
0.110122
0.110126
0.11014
0.110143
0.11016
0.110163
0.110183
0.110186
0.110209
0.110211
0.110237
0.110239
0.110269
0.110169
0.11017
0.110171
0.110174
0.110175
0.11018
0.110182
0.110189
0.110192
0.110201
0.110204
0.110215
0.110218
0.110232
0.110236
0.110252
0.110256
0.110275
0.110278
0.1103
0.110303
0.110328
0.11033
0.110359
0.110258
0.110259
0.110259
0.110262
0.110264
0.110268
0.11027
0.110277
0.11028
0.110289
0.110292
0.110303
0.110306
0.11032
0.110323
0.11034
0.110343
0.110362
0.110365
0.110387
0.110389
0.110414
0.110417
0.110446
0.110341
0.110342
0.110343
0.110345
0.110347
0.110351
0.110353
0.11036
0.110363
0.110371
0.110374
0.110386
0.110389
0.110402
0.110405
0.110422
0.110425
0.110444
0.110446
0.110468
0.110471
0.110496
0.110498
0.110526
0.11042
0.110421
0.110421
0.110424
0.110425
0.11043
0.110432
0.110439
0.110441
0.11045
0.110453
0.110464
0.110467
0.11048
0.110483
0.110499
0.110502
0.110521
0.110524
0.110545
0.110548
0.110572
0.110574
0.110602
0.110494
0.110494
0.110495
0.110498
0.110499
0.110504
0.110506
0.110512
0.110515
0.110523
0.110526
0.110537
0.11054
0.110553
0.110556
0.110572
0.110575
0.110594
0.110596
0.110618
0.11062
0.110644
0.110646
0.110674
0.110563
0.110564
0.110565
0.110567
0.110569
0.110573
0.110575
0.110581
0.110584
0.110592
0.110595
0.110606
0.110609
0.110622
0.110625
0.110641
0.110643
0.110662
0.110664
0.110686
0.110688
0.110712
0.110714
0.110742
0.110629
0.110629
0.11063
0.110632
0.110634
0.110638
0.110641
0.110646
0.110649
0.110657
0.11066
0.110671
0.110674
0.110687
0.110689
0.110705
0.110708
0.110726
0.110728
0.110749
0.110751
0.110775
0.110777
0.110804
0.11069
0.11069
0.110692
0.110693
0.110696
0.110699
0.110702
0.110707
0.11071
0.110718
0.110721
0.110731
0.110734
0.110747
0.11075
0.110765
0.110768
0.110786
0.110788
0.110809
0.110811
0.110835
0.110836
0.110863
0.110748
0.110748
0.110749
0.110751
0.110753
0.110756
0.110759
0.110764
0.110768
0.110775
0.110778
0.110788
0.110791
0.110803
0.110806
0.110821
0.110824
0.110842
0.110844
0.110865
0.110867
0.11089
0.110892
0.110919
0.110801
0.110802
0.110803
0.110805
0.110807
0.11081
0.110813
0.110818
0.110822
0.110828
0.110832
0.110841
0.110845
0.110856
0.11086
0.110874
0.110877
0.110894
0.110896
0.110917
0.110919
0.110942
0.110943
0.11097
0.110851
0.110852
0.110853
0.110854
0.110857
0.110859
0.110863
0.110867
0.110871
0.110877
0.110882
0.110889
0.110894
0.110905
0.110909
0.110922
0.110925
0.110943
0.110945
0.110965
0.110967
0.11099
0.110991
0.111018
0.110898
0.110899
0.1109
0.110901
0.110904
0.110906
0.11091
0.110914
0.110918
0.110923
0.110928
0.110935
0.110941
0.11095
0.110955
0.110968
0.110971
0.110988
0.11099
0.11101
0.111012
0.111034
0.111036
0.111062
0.110942
0.110943
0.110944
0.110945
0.110947
0.11095
0.110953
0.110957
0.110961
0.110966
0.110972
0.110978
0.110984
0.110993
0.110998
0.11101
0.111014
0.11103
0.111032
0.111052
0.111053
0.111075
0.111077
0.111103
0.110982
0.110983
0.110984
0.110985
0.110987
0.11099
0.110993
0.110996
0.111001
0.111005
0.111011
0.111016
0.111022
0.11103
0.111036
0.111047
0.111052
0.111067
0.11107
0.111089
0.111091
0.111114
0.111115
0.111141
0.111019
0.11102
0.111021
0.111022
0.111024
0.111027
0.11103
0.111034
0.111038
0.111043
0.111048
0.111054
0.11106
0.111067
0.111074
0.111084
0.111089
0.111103
0.111106
0.111124
0.111126
0.111148
0.111149
0.111174
0.111055
0.111056
0.111057
0.111058
0.11106
0.111062
0.111065
0.111069
0.111072
0.111077
0.111082
0.111087
0.111093
0.1111
0.111106
0.111115
0.111121
0.111134
0.111138
0.111155
0.111158
0.111179
0.111181
0.111206
0.111086
0.111087
0.111088
0.111089
0.111091
0.111093
0.111096
0.111099
0.111103
0.111107
0.111112
0.111118
0.111124
0.11113
0.111137
0.111145
0.111151
0.111163
0.111168
0.111184
0.111187
0.111207
0.111209
0.111233
0.111117
0.111117
0.111118
0.111119
0.111121
0.111123
0.111125
0.111128
0.111132
0.111136
0.11114
0.111145
0.11115
0.111156
0.111163
0.11117
0.111178
0.111188
0.111194
0.111208
0.111212
0.111232
0.111234
0.111259
0.111145
0.111145
0.111146
0.111147
0.111148
0.11115
0.111153
0.111156
0.111159
0.111163
0.111167
0.111172
0.111177
0.111183
0.111189
0.111196
0.111203
0.111211
0.111218
0.11123
0.111235
0.111253
0.111255
0.111279
0.111169
0.111169
0.11117
0.111171
0.111172
0.111174
0.111176
0.111179
0.111182
0.111185
0.111189
0.111193
0.111198
0.111203
0.111209
0.111215
0.111222
0.111231
0.111238
0.11125
0.111256
0.111273
0.111276
0.1113
0.111194
0.111195
0.111195
0.111196
0.111197
0.111199
0.111201
0.111203
0.111206
0.111208
0.111212
0.111215
0.111219
0.111224
0.111229
0.111235
0.111241
0.111248
0.111255
0.111265
0.111271
0.111287
0.11129
0.111313
0.111213
0.111214
0.111214
0.111215
0.111216
0.111217
0.111219
0.111221
0.111223
0.111225
0.111228
0.111232
0.111236
0.11124
0.111245
0.111251
0.111257
0.111263
0.11127
0.111279
0.111286
0.1113
0.111304
0.111328
0.111238
0.111238
0.111238
0.111239
0.111239
0.11124
0.111242
0.111243
0.111245
0.111247
0.111249
0.111251
0.111254
0.111257
0.11126
0.111264
0.111268
0.111273
0.111279
0.111286
0.111293
0.111306
0.111311
0.111334
0.111259
0.111259
0.111259
0.11126
0.11126
0.111261
0.111262
0.111263
0.111264
0.111265
0.111266
0.111268
0.11127
0.111272
0.111275
0.111278
0.111281
0.111285
0.111288
0.111292
0.111297
0.111306
0.111311
0.111329
0.111288
0.111288
0.111288
0.111288
0.111288
0.111288
0.111288
0.111289
0.111289
0.111289
0.11129
0.11129
0.11129
0.111291
0.111291
0.111292
0.111292
0.111293
0.111294
0.111295
0.111297
0.111299
0.111301
0.111307
0.111298
0.111298
0.111298
0.111298
0.111298
0.111298
0.111298
0.111298
0.111298
0.111298
0.111298
0.111298
0.111298
0.111298
0.111298
0.111298
0.111298
0.111298
0.111298
0.111299
0.1113
0.1113
0.1113
0.1113
)
;

boundaryField
{
    asym1
    {
        type            wedge;
    }
    asym2
    {
        type            wedge;
    }
    inlet
    {
        type            calculated;
        value           nonuniform List<scalar> 
24
(
0.111293
0.111293
0.111293
0.111293
0.111293
0.111293
0.111293
0.111293
0.111294
0.111294
0.111294
0.111295
0.111295
0.111296
0.111296
0.111297
0.111297
0.111298
0.111299
0.1113
0.111302
0.111304
0.111305
0.11131
)
;
    }
    nozzle
    {
        type            calculated;
        value           nonuniform List<scalar> 
174
(
0.1113
0.111307
0.111329
0.111334
0.111328
0.111313
0.1113
0.111279
0.111259
0.111233
0.111206
0.111174
0.111141
0.111103
0.111062
0.111018
0.11097
0.110919
0.110863
0.110804
0.110742
0.110674
0.110602
0.110526
0.110446
0.110359
0.110269
0.110172
0.11007
0.109962
0.109848
0.109727
0.1096
0.109464
0.109322
0.109171
0.109012
0.108843
0.108665
0.108477
0.108279
0.108068
0.107847
0.107613
0.107366
0.107105
0.106829
0.106538
0.106232
0.105908
0.105566
0.105205
0.104823
0.10442
0.103995
0.103548
0.103076
0.102579
0.102055
0.101505
0.100924
0.100315
0.099673
0.0989995
0.0982915
0.0975495
0.096771
0.0959573
0.0951059
0.094218
0.0932917
0.0923282
0.0913262
0.0902868
0.0892095
0.0880965
0.0869483
0.0857677
0.0845555
0.0833159
0.0820512
0.080767
0.0794678
0.0781619
0.0768577
0.0755485
0.0743552
0.0732838
0.0722866
0.0713293
0.0703917
0.0694658
0.0685431
0.0676197
0.0666861
0.0657578
0.0648472
0.0639505
0.0630661
0.0621923
0.0613304
0.0604788
0.0596386
0.0588089
0.0579894
0.0571808
0.0563821
0.0555952
0.0548184
0.0540542
0.053301
0.0525609
0.0518332
0.0511187
0.0504179
0.0497302
0.0490573
0.0483973
0.0477528
0.0471211
0.0465051
0.0459021
0.0453146
0.0447404
0.0441811
0.0436356
0.0431043
0.042587
0.0420836
0.0415943
0.0411178
0.0406561
0.0402076
0.0397732
0.0393511
0.038943
0.038548
0.0381664
0.0377977
0.0374416
0.0370984
0.0367672
0.0364487
0.036142
0.0358479
0.0355647
0.035294
0.0350342
0.0347857
0.0345486
0.0343229
0.0341078
0.0339037
0.0337099
0.0335269
0.0333543
0.0331922
0.0330405
0.0328991
0.0327679
0.0326469
0.032536
0.0324351
0.0323442
0.0322631
0.032192
0.0321305
0.0320791
0.0320366
0.0320053
0.0319701
0.0319864
0.0319522
0.0320473
)
;
    }
    outlet
    {
        type            calculated;
        value           nonuniform List<scalar> 
24
(
0.0311568
0.0311626
0.0311689
0.0311775
0.0311895
0.0312033
0.0312213
0.0312404
0.0312642
0.0312887
0.0313177
0.0313482
0.0313816
0.0314194
0.0314555
0.0315026
0.031538
0.0315979
0.0316304
0.0317055
0.0317331
0.0318258
0.0318431
0.0319459
)
;
    }
}


// ************************************************************************* //
