0.060913705583756306, 0.23817292006525337
0.3451776649746193, 0.24469820554649302
0.6497461928934011, 0.24143556280587308
0.8730964467005077, 0.24796084828711296
1.1776649746192893, 0.2544861337683526
1.5329949238578684, 0.2805872756933119
1.918781725888325, 0.30342577487765143
2.233502538071066, 0.3327895595432302
2.649746192893401, 0.37846655791190886
2.984771573604061, 0.42414355628058775
3.2284263959390858, 0.46655791190864626
3.4923857868020303, 0.5154975530179449
3.756345177664974, 0.5840130505709626
4.111675126903553, 0.6655791190864602
4.274111675126903, 0.7308319738988585
4.456852791878173, 0.7960848287112563
4.710659898477157, 0.8646003262642743
4.9238578680203045, 0.9592169657422513
5.228426395939087, 1.050570962479609
5.49238578680203, 1.1353996737357261
5.8274111675126905, 1.2039151712887444
6.071065989847716, 1.2659053833605223
6.385786802030458, 1.34094616639478
6.598984771573605, 1.3964110929853184
6.84263959390863, 1.4616639477977165
7.167512690355331, 1.5269168026101143
7.401015228426395, 1.5954323001631323
7.685279187817258, 1.644371941272431
8.050761421319798, 1.709624796084829
8.34517766497462, 1.7618270799347473
8.67005076142132, 1.7911908646003265
9.01522842639594, 1.8205546492659055
9.370558375634518, 1.8531810766721046
9.766497461928934, 1.8662316476345842

