/*--------------------------------*- C++ -*----------------------------------*\
  =========                 |
  \\      /  F ield         | OpenFOAM: The Open Source CFD Toolbox
   \\    /   O peration     | Website:  https://openfoam.org
    \\  /    A nd           | Version:  10
     \\/     M anipulation  |
\*---------------------------------------------------------------------------*/
FoamFile
{
    format      ascii;
    class       volScalarField;
    location    "0.11";
    object      rho;
}
// * * * * * * * * * * * * * * * * * * * * * * * * * * * * * * * * * * * * * //

dimensions      [1 -3 0 0 0 0 0];

internalField   nonuniform List<scalar> 
4176
(
0.0309089
0.0309115
0.0309186
0.0309275
0.0309424
0.0309569
0.0309795
0.0309995
0.0310296
0.0310553
0.031092
0.0311244
0.0311663
0.0312069
0.0312516
0.0313032
0.0313461
0.0314137
0.0314521
0.0315374
0.0315692
0.0316742
0.0316943
0.0318081
0.0309062
0.0309086
0.0309148
0.0309232
0.0309361
0.0309499
0.0309695
0.0309886
0.0310146
0.031039
0.0310713
0.0311013
0.0311388
0.0311758
0.0312168
0.031263
0.0313027
0.031363
0.0313984
0.0314751
0.0315022
0.0316022
0.031623
0.0317514
0.0309274
0.0309299
0.0309364
0.0309449
0.0309584
0.0309724
0.0309929
0.0310123
0.0310401
0.031065
0.031099
0.0311299
0.0311694
0.0312073
0.0312505
0.0312978
0.0313399
0.0314026
0.0314382
0.0315185
0.0315459
0.0316446
0.0316634
0.0317842
0.0309529
0.0309554
0.0309617
0.0309701
0.0309832
0.030997
0.031017
0.0310359
0.0310624
0.0310864
0.0311199
0.0311494
0.0311887
0.0312248
0.0312677
0.0313133
0.0313549
0.0314179
0.0314488
0.0315314
0.0315565
0.0316539
0.0316716
0.0317835
0.0309911
0.0309936
0.0309998
0.0310081
0.0310212
0.0310348
0.0310546
0.0310737
0.0311006
0.0311249
0.0311579
0.0311878
0.0312265
0.0312629
0.0313058
0.0313507
0.0313944
0.0314542
0.0314888
0.0315693
0.0315961
0.031693
0.0317122
0.0318256
0.0310391
0.0310415
0.0310477
0.031056
0.0310688
0.0310826
0.0311021
0.0311211
0.0311468
0.031171
0.0312035
0.0312333
0.0312715
0.0313075
0.03135
0.031394
0.0314381
0.0314949
0.0315328
0.0316095
0.0316371
0.0317329
0.0317529
0.0318679
0.0310972
0.0310996
0.0311057
0.0311139
0.0311266
0.0311401
0.0311593
0.031178
0.0312042
0.0312282
0.0312602
0.0312895
0.0313273
0.0313628
0.0314053
0.0314484
0.0314928
0.031548
0.0315868
0.0316616
0.0316904
0.0317846
0.0318049
0.0319179
0.0311663
0.0311687
0.0311747
0.031183
0.0311955
0.0312091
0.0312281
0.0312467
0.0312718
0.0312955
0.0313274
0.0313565
0.0313941
0.031429
0.0314711
0.0315134
0.0315578
0.0316112
0.0316512
0.0317233
0.0317532
0.0318459
0.0318667
0.0319785
0.0312451
0.0312475
0.0312534
0.0312615
0.0312738
0.031287
0.0313057
0.0313241
0.0313495
0.0313729
0.0314041
0.0314327
0.0314697
0.0315041
0.0315459
0.0315873
0.0316317
0.0316834
0.0317243
0.031794
0.0318249
0.0319156
0.0319369
0.0320469
0.0313351
0.0313374
0.0313433
0.0313514
0.0313636
0.0313769
0.0313954
0.0314135
0.031438
0.0314611
0.0314922
0.0315205
0.0315572
0.0315909
0.0316324
0.0316729
0.0317172
0.0317672
0.0318088
0.0318761
0.0319083
0.0319961
0.0320181
0.0321264
0.0314348
0.0314371
0.0314429
0.0314507
0.0314627
0.0314756
0.0314938
0.0315117
0.0315364
0.0315592
0.0315895
0.0316171
0.0316533
0.0316863
0.0317274
0.031767
0.031811
0.0318596
0.0319016
0.0319666
0.0319994
0.0320851
0.0321074
0.0322136
0.0315458
0.0315481
0.0315538
0.0315617
0.0315735
0.0315864
0.0316044
0.031622
0.0316458
0.0316682
0.0316984
0.0317257
0.0317614
0.0317938
0.0318343
0.0318729
0.0319167
0.0319638
0.0320062
0.0320688
0.0321023
0.0321855
0.0322081
0.0323123
0.0316666
0.0316689
0.0316745
0.0316821
0.0316937
0.0317062
0.0317238
0.0317413
0.0317651
0.031787
0.0318164
0.031843
0.0318782
0.0319098
0.0319498
0.0319874
0.0320308
0.0320764
0.0321192
0.0321793
0.0322134
0.0322941
0.0323168
0.0324187
0.0317989
0.0318012
0.0318067
0.0318143
0.0318257
0.0318382
0.0318555
0.0318724
0.0318955
0.0319171
0.0319463
0.0319725
0.0320071
0.032038
0.0320775
0.032114
0.0321569
0.0322011
0.0322439
0.0323017
0.0323363
0.0324145
0.0324372
0.0325368
0.0319412
0.0319434
0.0319488
0.0319562
0.0319673
0.0319794
0.0319963
0.0320131
0.0320359
0.032057
0.0320853
0.0321107
0.0321447
0.0321748
0.0322137
0.0322492
0.0322916
0.0323342
0.0323771
0.0324325
0.0324675
0.032543
0.0325657
0.0326628
0.0320951
0.0320973
0.0321026
0.0321099
0.0321209
0.0321328
0.0321494
0.0321655
0.0321878
0.0322083
0.0322364
0.0322613
0.0322947
0.032324
0.0323621
0.0323966
0.0324384
0.0324795
0.0325222
0.0325752
0.0326107
0.0326832
0.0327064
0.0328007
0.0322592
0.0322613
0.0322665
0.0322736
0.0322842
0.0322957
0.0323119
0.0323279
0.0323496
0.0323696
0.0323967
0.0324208
0.0324534
0.0324819
0.0325193
0.0325526
0.0325938
0.0326335
0.0326757
0.0327264
0.0327622
0.0328318
0.0328554
0.0329467
0.032435
0.0324371
0.0324422
0.0324492
0.0324596
0.032471
0.0324867
0.032502
0.0325232
0.0325426
0.0325694
0.0325928
0.0326247
0.0326522
0.0326889
0.0327211
0.0327615
0.0327996
0.0328415
0.0328897
0.0329258
0.0329925
0.0330164
0.0331047
0.0326213
0.0326234
0.0326283
0.032635
0.0326451
0.0326559
0.0326713
0.0326864
0.0327069
0.0327257
0.0327514
0.0327739
0.032805
0.0328315
0.0328673
0.0328983
0.0329379
0.0329745
0.0330158
0.0330616
0.033098
0.0331616
0.0331858
0.033271
0.0328195
0.0328215
0.0328263
0.032833
0.0328428
0.0328535
0.0328682
0.0328825
0.0329026
0.0329208
0.0329461
0.0329678
0.032998
0.0330235
0.0330584
0.0330881
0.0331268
0.0331618
0.0332025
0.033246
0.0332824
0.033343
0.0333675
0.0334495
0.0330284
0.0330304
0.033035
0.0330413
0.0330507
0.0330608
0.0330753
0.0330893
0.0331085
0.0331259
0.0331501
0.0331709
0.0332002
0.0332246
0.0332585
0.0332869
0.0333247
0.033358
0.033398
0.0334391
0.0334755
0.0335329
0.0335578
0.0336364
0.0332494
0.0332513
0.0332558
0.033262
0.0332711
0.033281
0.0332947
0.033308
0.0333267
0.0333434
0.0333671
0.0333871
0.0334154
0.0334387
0.0334715
0.0334985
0.0335353
0.0335669
0.033606
0.0336448
0.0336812
0.0337353
0.0337604
0.0338356
0.0334813
0.0334832
0.0334874
0.0334933
0.033502
0.0335112
0.0335247
0.0335374
0.0335552
0.0335711
0.0335936
0.0336126
0.0336399
0.033662
0.0336938
0.0337194
0.0337551
0.0337849
0.0338231
0.0338596
0.0338957
0.0339465
0.0339717
0.0340434
0.0337255
0.0337273
0.0337314
0.0337371
0.0337454
0.0337545
0.033767
0.0337791
0.0337964
0.0338115
0.0338333
0.0338514
0.0338776
0.0338986
0.0339292
0.0339534
0.0339879
0.0340159
0.0340531
0.0340872
0.034123
0.0341705
0.0341957
0.0342637
0.0339808
0.0339825
0.0339864
0.0339917
0.0339996
0.034008
0.0340202
0.0340317
0.0340479
0.0340621
0.0340828
0.0340997
0.0341249
0.0341446
0.0341741
0.0341967
0.0342301
0.0342563
0.0342923
0.0343241
0.0343594
0.0344035
0.0344287
0.0344928
0.0342484
0.0342501
0.0342538
0.034259
0.0342666
0.0342747
0.034286
0.0342967
0.0343124
0.0343258
0.0343457
0.0343616
0.0343857
0.0344041
0.0344324
0.0344535
0.0344856
0.0345099
0.0345448
0.0345742
0.0346089
0.0346497
0.0346746
0.0347349
0.0345274
0.034529
0.0345325
0.0345373
0.0345444
0.0345519
0.0345628
0.0345729
0.0345874
0.0345999
0.0346185
0.0346333
0.0346562
0.0346732
0.0347003
0.0347198
0.0347506
0.0347731
0.0348068
0.0348338
0.0348677
0.034905
0.0349299
0.0349865
0.0348189
0.0348205
0.0348238
0.0348284
0.0348352
0.0348423
0.0348524
0.0348617
0.0348758
0.0348873
0.0349051
0.0349187
0.0349404
0.0349561
0.0349818
0.0349997
0.0350292
0.0350498
0.0350822
0.0351069
0.0351398
0.0351736
0.0351985
0.0352511
0.0351219
0.0351234
0.0351265
0.0351308
0.035137
0.0351435
0.0351531
0.0351618
0.0351746
0.0351852
0.0352018
0.0352142
0.0352347
0.035249
0.0352734
0.0352896
0.0353177
0.0353363
0.0353674
0.0353897
0.0354216
0.0354518
0.0354768
0.0355248
0.0354376
0.0354391
0.035442
0.0354461
0.0354519
0.035458
0.0354669
0.0354748
0.0354871
0.0354968
0.0355125
0.0355237
0.035543
0.0355558
0.0355788
0.0355933
0.03562
0.0356366
0.0356663
0.0356862
0.035717
0.0357437
0.0357685
0.0358123
0.0357651
0.0357665
0.0357691
0.0357728
0.0357782
0.0357837
0.0357919
0.0357992
0.0358102
0.0358189
0.0358335
0.0358435
0.0358615
0.0358729
0.0358945
0.0359073
0.0359324
0.0359469
0.0359752
0.0359926
0.0360223
0.0360456
0.0360701
0.0361096
0.0361053
0.0361067
0.0361092
0.0361127
0.0361176
0.0361227
0.0361303
0.0361367
0.0361473
0.0361551
0.0361686
0.0361775
0.0361943
0.0362042
0.0362244
0.0362354
0.0362591
0.0362715
0.0362982
0.0363131
0.0363415
0.0363616
0.0363858
0.0364207
0.0364575
0.0364588
0.036461
0.0364641
0.0364686
0.0364731
0.03648
0.0364857
0.0364951
0.0365018
0.0365142
0.0365219
0.0365375
0.0365459
0.0365648
0.036574
0.0365962
0.0366065
0.0366316
0.036644
0.0366709
0.0366878
0.0367117
0.036742
0.0368226
0.0368239
0.036826
0.0368289
0.036833
0.036837
0.0368433
0.0368483
0.0368571
0.0368629
0.0368743
0.0368807
0.0368951
0.036902
0.0369196
0.036927
0.0369478
0.0369559
0.0369796
0.0369893
0.0370148
0.0370284
0.037052
0.0370775
0.0371999
0.0372011
0.0372029
0.0372055
0.0372091
0.0372126
0.0372181
0.0372223
0.0372299
0.0372348
0.037245
0.0372503
0.0372633
0.0372688
0.037285
0.0372907
0.03731
0.037316
0.0373381
0.0373453
0.0373693
0.0373796
0.0374026
0.0374234
0.0375903
0.0375914
0.0375932
0.0375955
0.0375987
0.0376017
0.0376068
0.0376103
0.0376173
0.0376212
0.0376304
0.0376345
0.0376463
0.0376503
0.0376651
0.037669
0.0376868
0.0376907
0.0377114
0.037716
0.0377386
0.0377457
0.0377677
0.0377838
0.037993
0.0379941
0.0379955
0.0379975
0.0380003
0.0380028
0.038007
0.0380098
0.0380157
0.0380186
0.0380267
0.0380296
0.0380401
0.0380426
0.038056
0.0380581
0.0380745
0.0380762
0.0380955
0.0380975
0.0381188
0.0381227
0.0381435
0.0381548
0.038409
0.0384101
0.0384114
0.0384132
0.0384157
0.0384177
0.0384215
0.0384236
0.0384289
0.0384309
0.038438
0.0384396
0.0384489
0.0384499
0.0384619
0.0384622
0.0384771
0.0384767
0.0384944
0.0384939
0.0385138
0.0385146
0.0385344
0.0385409
0.0388376
0.0388386
0.0388397
0.0388412
0.0388431
0.0388447
0.0388476
0.038849
0.0388532
0.0388543
0.0388603
0.0388608
0.0388688
0.0388684
0.0388789
0.0388774
0.0388908
0.0388881
0.0389044
0.0389012
0.0389197
0.0389174
0.0389363
0.038938
0.0392798
0.0392808
0.0392817
0.039283
0.0392847
0.0392858
0.0392883
0.0392891
0.0392926
0.0392928
0.0392978
0.0392971
0.0393039
0.039302
0.0393112
0.0393078
0.0393197
0.0393148
0.0393296
0.0393237
0.0393408
0.0393353
0.0393531
0.0393507
0.0397347
0.0397356
0.0397364
0.0397373
0.0397384
0.0397391
0.0397407
0.0397408
0.0397433
0.0397426
0.0397465
0.0397446
0.0397503
0.0397469
0.0397547
0.0397495
0.03976
0.0397528
0.0397661
0.0397574
0.0397731
0.0397643
0.0397808
0.0397747
0.0402036
0.0402045
0.0402051
0.0402058
0.0402067
0.0402068
0.0402081
0.0402075
0.0402094
0.0402077
0.0402106
0.0402075
0.040212
0.0402071
0.0402137
0.0402066
0.0402158
0.0402063
0.0402183
0.0402066
0.0402211
0.0402087
0.0402242
0.0402137
0.0406854
0.0406862
0.0406865
0.040687
0.0406872
0.040687
0.0406873
0.040686
0.0406869
0.0406843
0.0406861
0.0406819
0.0406851
0.0406788
0.040684
0.0406751
0.040683
0.0406712
0.0406819
0.0406673
0.0406807
0.0406646
0.0406792
0.040664
0.0411814
0.0411822
0.0411824
0.0411826
0.0411826
0.0411819
0.0411818
0.0411798
0.0411799
0.0411764
0.0411772
0.0411718
0.0411738
0.041166
0.0411699
0.0411592
0.0411657
0.0411517
0.0411612
0.0411437
0.0411561
0.0411364
0.0411502
0.0411304
0.0416904
0.0416911
0.0416911
0.041691
0.0416904
0.0416892
0.0416882
0.0416855
0.0416847
0.0416802
0.0416799
0.0416733
0.0416741
0.0416649
0.0416674
0.0416549
0.04166
0.0416437
0.041652
0.0416316
0.041643
0.0416197
0.0416329
0.0416086
0.042214
0.0422147
0.0422145
0.0422142
0.0422133
0.0422116
0.0422102
0.0422068
0.0422052
0.0421998
0.0421984
0.0421906
0.0421902
0.0421795
0.0421807
0.0421663
0.0421701
0.0421515
0.0421585
0.0421353
0.0421459
0.0421187
0.0421316
0.0421024
0.0427505
0.0427511
0.0427507
0.0427501
0.0427486
0.0427464
0.0427441
0.04274
0.0427375
0.0427311
0.0427287
0.0427197
0.042718
0.0427058
0.0427057
0.0426895
0.0426919
0.0426709
0.0426768
0.0426505
0.0426603
0.0426292
0.0426423
0.0426076
0.0433018
0.0433024
0.0433019
0.043301
0.0432993
0.0432966
0.0432939
0.043289
0.0432857
0.0432784
0.0432749
0.0432647
0.0432618
0.043248
0.0432466
0.0432285
0.0432297
0.0432062
0.0432111
0.0431816
0.0431908
0.0431552
0.0431692
0.0431292
0.0438659
0.0438665
0.0438657
0.0438646
0.0438622
0.043859
0.0438555
0.0438499
0.0438456
0.0438374
0.0438329
0.0438214
0.0438174
0.0438021
0.0437994
0.0437793
0.0437793
0.0437533
0.0437573
0.0437244
0.0437332
0.0436933
0.0437074
0.0436626
0.044445
0.0444455
0.0444446
0.0444432
0.0444406
0.044437
0.0444329
0.0444267
0.0444216
0.0444124
0.0444068
0.0443941
0.0443889
0.0443721
0.0443683
0.0443461
0.0443451
0.0443165
0.0443197
0.0442833
0.0442922
0.0442475
0.0442618
0.0442121
0.0450367
0.0450372
0.045036
0.0450343
0.0450311
0.045027
0.0450222
0.0450153
0.0450093
0.0449991
0.0449926
0.0449786
0.0449723
0.0449538
0.044949
0.0449247
0.0449227
0.0448913
0.044894
0.0448536
0.0448636
0.0448136
0.0448279
0.0447737
0.0456433
0.0456437
0.0456425
0.0456406
0.0456371
0.0456326
0.0456272
0.0456196
0.0456129
0.0456017
0.0455943
0.045579
0.0455718
0.0455516
0.0455458
0.0455193
0.0455167
0.0454822
0.0454848
0.0454404
0.0454503
0.0453965
0.0454103
0.0453518
0.0462621
0.0462625
0.046261
0.0462589
0.0462549
0.0462499
0.0462438
0.0462356
0.046228
0.046216
0.0462076
0.0461911
0.0461829
0.0461609
0.0461544
0.0461255
0.0461226
0.0460847
0.046088
0.0460391
0.0460487
0.0459915
0.0460047
0.0459419
0.0468958
0.0468962
0.0468946
0.0468922
0.046888
0.0468826
0.046876
0.0468671
0.0468589
0.0468459
0.0468368
0.0468188
0.0468101
0.046786
0.0467793
0.0467475
0.0467449
0.0467032
0.0467066
0.0466547
0.0466632
0.0466029
0.0466154
0.0465485
0.0475412
0.0475416
0.0475397
0.0475372
0.0475324
0.0475267
0.0475195
0.04751
0.0475011
0.047487
0.0474774
0.0474579
0.047449
0.0474225
0.0474161
0.047381
0.0473789
0.0473338
0.0473366
0.0472822
0.0472896
0.0472264
0.0472381
0.0471673
0.0482013
0.0482016
0.0481997
0.048197
0.048192
0.048186
0.0481782
0.0481681
0.0481587
0.0481435
0.0481338
0.0481122
0.0481038
0.0480743
0.0480689
0.0480304
0.0480281
0.0479811
0.0479826
0.0479261
0.0479323
0.0478662
0.0478771
0.0478025
0.0488724
0.0488729
0.0488707
0.0488679
0.0488624
0.0488561
0.0488478
0.0488371
0.0488275
0.0488108
0.0488016
0.0487775
0.0487698
0.048738
0.0487318
0.0486922
0.0486885
0.04864
0.0486401
0.0485816
0.0485867
0.0485179
0.0485281
0.0484499
0.049558
0.0495586
0.049556
0.0495535
0.0495474
0.0495412
0.0495323
0.0495208
0.0495116
0.0494933
0.0494841
0.0494589
0.0494501
0.0494177
0.0494103
0.0493696
0.0493647
0.0493147
0.0493136
0.0492532
0.0492571
0.0491859
0.0491953
0.0491136
0.0502541
0.0502548
0.0502519
0.0502495
0.0502428
0.0502367
0.0502272
0.0502156
0.0502055
0.0501869
0.0501768
0.0501511
0.0501414
0.0501082
0.0500997
0.050058
0.0500519
0.0500007
0.0499984
0.0499363
0.0499391
0.0498655
0.0498742
0.0497893
0.0509644
0.050965
0.0509622
0.0509595
0.0509529
0.0509464
0.0509363
0.0509253
0.0509139
0.0508953
0.0508845
0.0508581
0.0508477
0.0508137
0.0508043
0.0507618
0.0507546
0.0507022
0.0506987
0.0506351
0.0506369
0.0505611
0.050569
0.050481
0.0516846
0.0516853
0.0516825
0.0516797
0.0516729
0.0516663
0.0516557
0.0516449
0.051632
0.0516144
0.051602
0.0515756
0.0515644
0.0515298
0.0515194
0.0514762
0.051468
0.0514146
0.05141
0.051345
0.0513457
0.051268
0.0512752
0.0511843
0.0524188
0.0524195
0.0524167
0.0524138
0.052407
0.0524002
0.0523894
0.0523785
0.0523647
0.0523477
0.0523336
0.052308
0.0522956
0.0522605
0.0522494
0.0522055
0.0521963
0.052142
0.0521364
0.0520701
0.0520699
0.0519903
0.0519968
0.0519032
0.0531626
0.0531634
0.0531606
0.0531576
0.0531507
0.0531438
0.0531328
0.0531219
0.0531074
0.0530907
0.0530754
0.0530504
0.0530364
0.0530014
0.0529894
0.052945
0.0529348
0.0528797
0.0528731
0.0528057
0.0528045
0.0527233
0.0527291
0.0526332
0.0539202
0.053921
0.0539183
0.0539152
0.0539083
0.0539013
0.0538901
0.0538791
0.0538641
0.0538476
0.0538314
0.0538067
0.0537914
0.0537568
0.0537436
0.0536986
0.0536877
0.0536317
0.0536244
0.0535558
0.0535538
0.0534711
0.0534762
0.053378
0.0546874
0.0546882
0.0546855
0.0546824
0.0546753
0.0546684
0.0546569
0.0546458
0.0546304
0.0546141
0.0545969
0.0545724
0.0545561
0.0545215
0.0545073
0.0544619
0.0544501
0.0543934
0.0543852
0.0543157
0.0543128
0.0542288
0.0542332
0.0541332
0.0554684
0.0554693
0.0554665
0.0554634
0.0554562
0.0554492
0.0554375
0.0554263
0.0554105
0.0553942
0.0553762
0.0553517
0.0553345
0.0552997
0.0552846
0.0552388
0.0552263
0.0551689
0.0551598
0.0550895
0.0550857
0.0550006
0.0550042
0.0549023
0.056259
0.0562599
0.056257
0.056254
0.0562466
0.0562394
0.0562274
0.056216
0.0561997
0.0561834
0.0561644
0.0561401
0.0561218
0.0560868
0.0560709
0.0560245
0.0560113
0.0559531
0.0559433
0.0558721
0.0558674
0.0557814
0.0557843
0.0556811
0.0570633
0.0570644
0.0570613
0.0570582
0.0570505
0.0570432
0.0570308
0.0570191
0.0570023
0.0569858
0.0569658
0.0569415
0.0569221
0.0568869
0.0568702
0.0568231
0.0568093
0.0567503
0.0567398
0.0566679
0.0566623
0.0565754
0.0565777
0.056473
0.0578769
0.0578781
0.0578748
0.0578716
0.0578636
0.0578559
0.0578431
0.057831
0.0578135
0.0577966
0.0577755
0.0577514
0.0577304
0.0576953
0.0576774
0.0576299
0.0576155
0.0575557
0.0575443
0.0574718
0.0574654
0.0573778
0.0573793
0.0572739
0.0587036
0.0587047
0.0587012
0.0586978
0.0586894
0.0586813
0.058668
0.0586553
0.0586372
0.0586197
0.0585975
0.0585735
0.0585509
0.0585162
0.0584967
0.0584489
0.0584338
0.0583733
0.0583611
0.0582882
0.0582809
0.0581929
0.0581937
0.0580872
0.0595378
0.059539
0.0595354
0.0595316
0.059523
0.0595143
0.0595005
0.0594872
0.0594683
0.0594503
0.0594271
0.0594031
0.0593786
0.0593446
0.059323
0.0592759
0.0592591
0.0591985
0.0591857
0.0591124
0.0591043
0.0590159
0.0590161
0.0589094
0.0603824
0.0603835
0.0603799
0.0603758
0.060367
0.0603579
0.0603437
0.0603299
0.0603105
0.0602919
0.060268
0.0602438
0.0602177
0.0601845
0.0601606
0.0601147
0.0600957
0.060036
0.0600224
0.0599489
0.05994
0.0598515
0.0598512
0.0597438
0.0612311
0.0612322
0.0612287
0.0612245
0.0612156
0.0612064
0.0611921
0.061178
0.0611583
0.0611395
0.0611151
0.0610909
0.0610636
0.0610312
0.0610052
0.0609609
0.0609398
0.060881
0.0608662
0.060793
0.0607835
0.0606952
0.0606944
0.0605873
0.0620857
0.0620869
0.0620836
0.0620795
0.062071
0.0620619
0.062048
0.0620341
0.0620148
0.0619962
0.0619719
0.061948
0.0619203
0.0618888
0.0618614
0.0618187
0.0617955
0.0617385
0.0617219
0.0616499
0.0616397
0.0615517
0.0615507
0.0614433
0.0629402
0.0629416
0.0629387
0.0629351
0.0629272
0.0629189
0.0629058
0.0628928
0.0628743
0.0628567
0.0628331
0.0628103
0.0627829
0.0627526
0.0627247
0.0626838
0.062659
0.062604
0.0625856
0.062515
0.0625045
0.0624168
0.0624158
0.0623092
0.0637979
0.0637995
0.0637972
0.0637943
0.0637874
0.0637803
0.0637685
0.063757
0.0637402
0.0637241
0.0637022
0.0636811
0.0636551
0.0636266
0.0635992
0.0635605
0.0635351
0.0634825
0.0634632
0.0633932
0.0633828
0.0632953
0.0632944
0.0631878
0.0646557
0.0646576
0.0646559
0.0646539
0.0646482
0.0646425
0.0646324
0.0646228
0.0646079
0.0645941
0.0645743
0.0645556
0.0645317
0.0645057
0.06448
0.064444
0.0644191
0.0643694
0.0643497
0.0642817
0.0642709
0.0641834
0.0641826
0.0640765
0.0655207
0.0655228
0.0655217
0.0655207
0.0655161
0.0655118
0.0655033
0.0654956
0.0654828
0.0654714
0.0654539
0.065438
0.0654165
0.0653935
0.0653705
0.0653374
0.0653147
0.065268
0.0652497
0.0651839
0.0651742
0.0650867
0.0650861
0.0649784
0.0663946
0.0663974
0.0663963
0.0663963
0.066392
0.0663892
0.0663814
0.0663755
0.0663639
0.0663546
0.0663389
0.0663255
0.066306
0.0662858
0.066266
0.0662347
0.0662166
0.0661708
0.0661577
0.0660926
0.0660871
0.0660006
0.0660013
0.0658936
0.0672892
0.0672926
0.0672907
0.0672921
0.0672866
0.0672855
0.0672762
0.0672727
0.0672596
0.0672528
0.0672367
0.0672253
0.0672069
0.0671881
0.0671724
0.0671386
0.0671301
0.0670787
0.0670763
0.0670086
0.0670102
0.066926
0.0669303
0.0668275
0.06821
0.0682129
0.0682119
0.0682112
0.0682069
0.068203
0.068195
0.0681881
0.0681764
0.0681667
0.0681511
0.0681385
0.0681193
0.0681024
0.068084
0.0680531
0.0680442
0.0679949
0.0679938
0.0679282
0.0679332
0.067851
0.06786
0.0677658
0.0691688
0.0691715
0.0691698
0.0691682
0.0691624
0.0691568
0.0691467
0.0691375
0.0691232
0.0691108
0.0690925
0.0690771
0.0690552
0.0690364
0.0690132
0.0689856
0.0689692
0.0689235
0.0689206
0.0688545
0.0688615
0.0687775
0.06879
0.0686952
0.0701688
0.0701712
0.0701687
0.0701657
0.0701579
0.0701499
0.0701367
0.0701241
0.0701058
0.0700891
0.0700661
0.0700459
0.0700189
0.0699952
0.0699661
0.0699353
0.0699119
0.069866
0.0698565
0.0697876
0.0697948
0.0697057
0.0697205
0.0696225
0.0712166
0.0712192
0.0712152
0.0712112
0.0712009
0.0711906
0.0711738
0.0711577
0.0711344
0.0711131
0.0710838
0.0710578
0.0710236
0.0709931
0.0709558
0.0709179
0.0708863
0.0708329
0.0708171
0.0707395
0.0707442
0.0706465
0.0706619
0.0705546
0.0723089
0.0723121
0.0723064
0.072302
0.0722891
0.072277
0.0722562
0.0722377
0.0722083
0.0721844
0.0721466
0.0721168
0.0720726
0.0720355
0.0719887
0.071941
0.071901
0.0718324
0.0718098
0.0717182
0.0717155
0.0716043
0.0716173
0.0714973
0.0734459
0.0734483
0.0734433
0.0734365
0.0734236
0.0734083
0.0733869
0.0733635
0.0733334
0.0733022
0.0732633
0.0732246
0.073177
0.0731311
0.0730756
0.0730219
0.0729642
0.0728909
0.0728506
0.0727463
0.0727289
0.0725992
0.072604
0.0724607
0.0746175
0.0746197
0.0746147
0.0746072
0.0745936
0.0745773
0.0745544
0.0745295
0.0744972
0.0744637
0.0744217
0.0743796
0.0743279
0.0742769
0.0742157
0.0741551
0.0740861
0.0740122
0.0739442
0.0738418
0.073798
0.0736507
0.0736389
0.0734637
0.0758188
0.0758209
0.0758161
0.0758084
0.0757947
0.075778
0.0757549
0.0757294
0.0756965
0.0756621
0.0756191
0.0755757
0.0755224
0.0754694
0.0754058
0.075342
0.0752691
0.0751911
0.0751125
0.0750122
0.0749387
0.0747944
0.0747556
0.0745414
0.0770383
0.0770405
0.0770359
0.0770285
0.077015
0.0769987
0.0769759
0.0769508
0.0769183
0.0768843
0.0768418
0.0767987
0.0767459
0.0766933
0.07663
0.0765666
0.0764938
0.0764161
0.076337
0.0762381
0.0761587
0.0760226
0.0759661
0.0757415
0.07827
0.0782725
0.0782682
0.0782613
0.0782485
0.078233
0.078211
0.0781871
0.0781557
0.0781232
0.0780821
0.0780409
0.0779899
0.0779394
0.0778783
0.0778176
0.0777474
0.0776728
0.0775986
0.077501
0.0774336
0.0772958
0.077256
0.0770573
0.0795034
0.0795062
0.0795023
0.0794961
0.0794841
0.0794697
0.0794489
0.0794264
0.0793967
0.0793661
0.0793271
0.0792883
0.0792398
0.0791923
0.0791344
0.0790773
0.0790108
0.0789409
0.0788712
0.0787794
0.0787176
0.0785876
0.0785506
0.078368
0.0807339
0.080737
0.0807335
0.0807281
0.080717
0.0807039
0.0806845
0.0806639
0.080636
0.0806079
0.0805712
0.0805355
0.0804899
0.080446
0.0803917
0.0803389
0.0802767
0.0802121
0.0801469
0.0800619
0.0800046
0.0798844
0.0798498
0.0796794
0.0819528
0.0819565
0.0819533
0.081949
0.0819385
0.0819271
0.0819089
0.0818905
0.0818642
0.081839
0.0818044
0.0817722
0.0817293
0.0816896
0.0816386
0.0815904
0.0815325
0.0814735
0.0814129
0.0813342
0.0812823
0.0811714
0.0811391
0.0809842
0.0831579
0.083162
0.0831584
0.0831559
0.0831455
0.0831364
0.0831188
0.0831035
0.0830781
0.0830569
0.0830234
0.0829962
0.0829547
0.0829208
0.082872
0.0828297
0.0827755
0.0827224
0.0826665
0.0825947
0.0825467
0.0824459
0.0824158
0.0822728
0.0843423
0.0843467
0.0843435
0.084342
0.0843321
0.084325
0.0843081
0.0842957
0.0842711
0.084254
0.0842213
0.0841993
0.0841586
0.0841312
0.0840832
0.0840486
0.0839959
0.0839495
0.0838985
0.0838328
0.083789
0.0836981
0.0836702
0.0835424
0.0855047
0.085509
0.0855067
0.0855052
0.0854975
0.0854902
0.0854766
0.0854641
0.0854439
0.0854269
0.0853993
0.0853781
0.0853427
0.0853173
0.0852746
0.0852435
0.0851956
0.0851553
0.085107
0.0850492
0.0850091
0.084928
0.0849022
0.0847855
0.0866403
0.0866447
0.0866431
0.0866419
0.0866356
0.086629
0.0866175
0.086606
0.0865887
0.0865728
0.0865492
0.0865292
0.0864989
0.0864748
0.086438
0.0864091
0.0863667
0.0863309
0.0862861
0.0862371
0.0861998
0.0861278
0.086104
0.0860017
0.0877485
0.0877529
0.0877519
0.0877511
0.0877459
0.0877404
0.0877305
0.0877205
0.0877055
0.0876916
0.087671
0.0876533
0.0876268
0.0876054
0.087573
0.0875475
0.0875098
0.0874786
0.0874378
0.0873972
0.0873613
0.0872987
0.087277
0.0871849
0.0888259
0.0888304
0.0888298
0.0888295
0.0888253
0.0888207
0.0888123
0.0888038
0.0887908
0.0887787
0.0887608
0.0887453
0.0887222
0.0887035
0.0886751
0.0886528
0.0886195
0.0885927
0.0885562
0.0885217
0.0884878
0.088435
0.0884152
0.0883366
0.0898724
0.0898768
0.0898766
0.0898768
0.0898735
0.0898699
0.0898629
0.0898559
0.0898449
0.0898347
0.0898193
0.0898062
0.0897862
0.0897704
0.0897456
0.0897268
0.0896976
0.089675
0.0896428
0.0896141
0.0895825
0.0895387
0.089521
0.0894513
0.0908857
0.0908901
0.0908903
0.090891
0.0908885
0.0908857
0.09088
0.0908743
0.090865
0.0908565
0.0908435
0.0908325
0.0908153
0.090802
0.0907806
0.0907649
0.0907396
0.0907207
0.0906926
0.0906688
0.0906406
0.0906051
0.0905884
0.0905313
0.091866
0.0918703
0.0918709
0.0918719
0.0918702
0.0918683
0.0918638
0.0918594
0.0918518
0.0918452
0.0918342
0.0918255
0.0918109
0.0918003
0.0917821
0.0917695
0.0917477
0.0917327
0.0917083
0.0916891
0.0916646
0.0916367
0.0916213
0.0915718
0.092812
0.0928162
0.0928171
0.0928185
0.0928174
0.0928163
0.0928129
0.0928096
0.0928036
0.0927984
0.0927894
0.0927826
0.0927705
0.0927622
0.0927469
0.092737
0.0927186
0.0927068
0.0926862
0.0926711
0.0926501
0.0926285
0.0926148
0.0925759
0.093724
0.0937281
0.0937292
0.093731
0.0937305
0.0937302
0.0937278
0.0937257
0.093721
0.0937175
0.0937103
0.0937055
0.0936957
0.0936897
0.0936771
0.0936701
0.0936548
0.0936464
0.093629
0.0936182
0.0936007
0.0935842
0.093572
0.0935398
0.0946014
0.0946055
0.0946069
0.0946089
0.094609
0.0946093
0.0946078
0.0946067
0.0946033
0.094601
0.0945956
0.0945923
0.0945846
0.0945806
0.0945705
0.0945659
0.0945534
0.0945479
0.0945337
0.0945263
0.094512
0.0945003
0.0944898
0.0944673
0.0954449
0.0954488
0.0954503
0.0954526
0.0954532
0.0954542
0.0954535
0.0954534
0.0954512
0.0954503
0.0954464
0.0954449
0.0954391
0.0954372
0.0954294
0.0954272
0.0954173
0.0954147
0.0954033
0.0953994
0.0953879
0.0953804
0.0953724
0.0953552
0.0962542
0.0962581
0.0962598
0.0962623
0.0962633
0.0962648
0.0962649
0.0962656
0.0962645
0.0962647
0.0962622
0.096262
0.0962581
0.0962578
0.0962521
0.0962519
0.0962445
0.0962442
0.0962355
0.0962345
0.0962257
0.0962221
0.0962163
0.0962069
0.0970302
0.0970339
0.0970357
0.0970384
0.0970398
0.0970419
0.0970426
0.0970442
0.0970441
0.0970454
0.0970442
0.0970455
0.0970431
0.0970447
0.0970409
0.0970428
0.0970376
0.0970399
0.0970335
0.0970356
0.0970292
0.0970294
0.0970257
0.0970204
0.0977731
0.0977767
0.0977786
0.0977815
0.0977833
0.0977857
0.0977871
0.0977893
0.0977901
0.0977923
0.0977923
0.0977948
0.0977938
0.0977967
0.0977947
0.0977982
0.0977951
0.0977994
0.0977953
0.0977999
0.0977958
0.0977994
0.0977978
0.0977983
0.0984839
0.0984872
0.0984892
0.0984922
0.0984943
0.0984972
0.0984991
0.098502
0.0985036
0.0985067
0.0985078
0.0985114
0.0985118
0.0985162
0.0985157
0.098521
0.0985196
0.098526
0.0985238
0.098531
0.0985288
0.0985356
0.0985353
0.0985397
0.0991629
0.0991662
0.0991682
0.0991713
0.0991737
0.0991769
0.0991793
0.0991828
0.099185
0.0991889
0.0991908
0.0991954
0.099197
0.0992024
0.0992034
0.09921
0.0992103
0.0992183
0.0992178
0.0992271
0.0992265
0.0992363
0.0992374
0.0992464
0.0998114
0.0998144
0.0998165
0.0998197
0.0998223
0.0998258
0.0998286
0.0998326
0.0998354
0.0998401
0.0998429
0.0998484
0.099851
0.0998576
0.0998598
0.0998679
0.0998695
0.0998792
0.0998802
0.0998915
0.0998924
0.0999047
0.0999065
0.099919
0.10043
0.100433
0.100435
0.100438
0.100441
0.100445
0.100448
0.100452
0.100456
0.100461
0.100464
0.100471
0.100474
0.100482
0.100485
0.100494
0.100497
0.100508
0.10051
0.100523
0.100525
0.10054
0.100543
0.100559
0.10102
0.101022
0.101024
0.101028
0.101031
0.101035
0.101038
0.101043
0.101047
0.101053
0.101057
0.101064
0.101068
0.101076
0.101081
0.101091
0.101095
0.101107
0.10111
0.101125
0.101128
0.101145
0.101148
0.101167
0.101581
0.101584
0.101586
0.101589
0.101592
0.101597
0.1016
0.101605
0.10161
0.101616
0.101621
0.101628
0.101633
0.101642
0.101647
0.101658
0.101663
0.101676
0.101681
0.101697
0.101701
0.101719
0.101724
0.101744
0.102116
0.102118
0.10212
0.102124
0.102127
0.102131
0.102135
0.102141
0.102145
0.102152
0.102157
0.102165
0.102171
0.102181
0.102186
0.102198
0.102204
0.102218
0.102223
0.102241
0.102245
0.102265
0.10227
0.102293
0.102625
0.102627
0.102629
0.102633
0.102636
0.10264
0.102644
0.10265
0.102655
0.102662
0.102668
0.102676
0.102682
0.102692
0.102699
0.102711
0.102718
0.102733
0.102739
0.102757
0.102762
0.102784
0.102789
0.102814
0.103108
0.103111
0.103113
0.103116
0.103119
0.103124
0.103128
0.103134
0.103139
0.103147
0.103152
0.103161
0.103168
0.103179
0.103186
0.103199
0.103206
0.103222
0.103228
0.103247
0.103254
0.103276
0.103281
0.103309
0.103569
0.103571
0.103573
0.103576
0.10358
0.103584
0.103589
0.103595
0.1036
0.103607
0.103614
0.103623
0.10363
0.103641
0.103648
0.103662
0.103669
0.103686
0.103693
0.103713
0.103719
0.103743
0.103748
0.103777
0.104005
0.104007
0.104009
0.104013
0.104016
0.104021
0.104025
0.104031
0.104037
0.104045
0.104051
0.104061
0.104068
0.10408
0.104087
0.104101
0.104109
0.104126
0.104134
0.104155
0.104162
0.104186
0.104192
0.104222
0.104421
0.104422
0.104425
0.104428
0.104431
0.104436
0.10444
0.104447
0.104452
0.10446
0.104467
0.104477
0.104484
0.104496
0.104504
0.104518
0.104527
0.104544
0.104552
0.104573
0.10458
0.104606
0.104612
0.104643
0.104815
0.104816
0.104818
0.104822
0.104825
0.10483
0.104834
0.104841
0.104847
0.104855
0.104861
0.104871
0.104879
0.104891
0.1049
0.104914
0.104923
0.104941
0.104949
0.10497
0.104978
0.105004
0.10501
0.105042
0.105188
0.10519
0.105192
0.105195
0.105198
0.105203
0.105208
0.105214
0.10522
0.105228
0.105235
0.105245
0.105253
0.105265
0.105274
0.105289
0.105298
0.105316
0.105324
0.105346
0.105354
0.105381
0.105387
0.10542
0.105544
0.105546
0.105547
0.105551
0.105554
0.105559
0.105563
0.10557
0.105576
0.105584
0.105591
0.105601
0.105609
0.105621
0.10563
0.105645
0.105654
0.105672
0.105681
0.105703
0.105711
0.105738
0.105745
0.105778
0.105879
0.105881
0.105883
0.105886
0.105889
0.105894
0.105899
0.105905
0.105911
0.105919
0.105926
0.105937
0.105945
0.105957
0.105966
0.105981
0.10599
0.106009
0.106018
0.10604
0.106048
0.106076
0.106082
0.106115
0.1062
0.106201
0.106203
0.106206
0.10621
0.106214
0.106219
0.106225
0.106231
0.10624
0.106246
0.106257
0.106265
0.106277
0.106286
0.106301
0.10631
0.106329
0.106338
0.10636
0.106368
0.106396
0.106402
0.106435
0.106501
0.106503
0.106505
0.106507
0.106511
0.106515
0.10652
0.106527
0.106532
0.106541
0.106548
0.106558
0.106566
0.106579
0.106588
0.106603
0.106612
0.106631
0.10664
0.106663
0.10667
0.106698
0.106704
0.106738
0.10679
0.106791
0.106792
0.106795
0.106798
0.106803
0.106808
0.106814
0.10682
0.106828
0.106835
0.106846
0.106853
0.106866
0.106875
0.10689
0.106899
0.106918
0.106927
0.106949
0.106957
0.106985
0.106991
0.107024
0.107061
0.107062
0.107064
0.107067
0.10707
0.107074
0.107079
0.107085
0.107091
0.107099
0.107106
0.107117
0.107125
0.107138
0.107146
0.107162
0.10717
0.107189
0.107198
0.107221
0.107228
0.107256
0.107262
0.107296
0.107319
0.10732
0.107322
0.107324
0.107327
0.107332
0.107336
0.107343
0.107349
0.107357
0.107364
0.107374
0.107382
0.107395
0.107403
0.107419
0.107428
0.107446
0.107455
0.107478
0.107485
0.107513
0.107518
0.107552
0.107563
0.107564
0.107566
0.107569
0.107572
0.107576
0.10758
0.107587
0.107592
0.107601
0.107608
0.107618
0.107626
0.107638
0.107647
0.107662
0.107671
0.10769
0.107698
0.107721
0.107728
0.107756
0.107761
0.107795
0.107795
0.107795
0.107797
0.1078
0.107803
0.107807
0.107812
0.107818
0.107823
0.107832
0.107838
0.107849
0.107856
0.107869
0.107877
0.107893
0.107902
0.10792
0.107928
0.107951
0.107958
0.107986
0.107991
0.108025
0.108014
0.108015
0.108016
0.108019
0.108022
0.108026
0.10803
0.108037
0.108042
0.10805
0.108057
0.108067
0.108075
0.108087
0.108096
0.108111
0.108119
0.108138
0.108146
0.108169
0.108176
0.108203
0.108208
0.108242
0.108222
0.108222
0.108224
0.108226
0.108229
0.108234
0.108238
0.108244
0.108249
0.108258
0.108264
0.108274
0.108282
0.108295
0.108302
0.108318
0.108326
0.108345
0.108353
0.108375
0.108382
0.10841
0.108414
0.108448
0.108418
0.108419
0.10842
0.108423
0.108426
0.10843
0.108434
0.10844
0.108445
0.108454
0.10846
0.10847
0.108477
0.10849
0.108498
0.108513
0.108521
0.10854
0.108547
0.10857
0.108576
0.108604
0.108609
0.108642
0.108604
0.108605
0.108606
0.108609
0.108612
0.108616
0.10862
0.108626
0.108631
0.108639
0.108646
0.108656
0.108663
0.108676
0.108683
0.108698
0.108706
0.108725
0.108732
0.108755
0.108761
0.108788
0.108793
0.108826
0.10878
0.108781
0.108783
0.108785
0.108788
0.108792
0.108796
0.108802
0.108807
0.108815
0.108821
0.108831
0.108838
0.108851
0.108858
0.108873
0.108881
0.108899
0.108906
0.108929
0.108935
0.108962
0.108966
0.108999
0.108947
0.108948
0.108949
0.108952
0.108954
0.108959
0.108962
0.108969
0.108973
0.108981
0.108987
0.108998
0.109004
0.109017
0.109024
0.109039
0.109046
0.109065
0.109071
0.109094
0.109099
0.109126
0.109131
0.109163
0.109105
0.109106
0.109107
0.10911
0.109112
0.109116
0.10912
0.109126
0.109131
0.109139
0.109144
0.109155
0.109161
0.109174
0.10918
0.109196
0.109202
0.109221
0.109227
0.10925
0.109255
0.109282
0.109286
0.109318
0.109254
0.109255
0.109256
0.109259
0.109261
0.109265
0.109269
0.109275
0.109279
0.109288
0.109293
0.109303
0.109309
0.109322
0.109328
0.109344
0.10935
0.109369
0.109374
0.109397
0.109402
0.109429
0.109432
0.109464
0.109396
0.109396
0.109398
0.1094
0.109402
0.109407
0.10941
0.109416
0.109421
0.109429
0.109434
0.109444
0.10945
0.109463
0.109468
0.109484
0.10949
0.109509
0.109514
0.109537
0.109541
0.109568
0.109571
0.109602
0.109529
0.10953
0.109531
0.109533
0.109536
0.10954
0.109543
0.109549
0.109553
0.109562
0.109566
0.109577
0.109582
0.109595
0.109601
0.109617
0.109622
0.109641
0.109646
0.109668
0.109672
0.109699
0.109702
0.109733
0.109656
0.109656
0.109657
0.10966
0.109662
0.109666
0.109669
0.109676
0.109679
0.109688
0.109692
0.109703
0.109708
0.109721
0.109726
0.109742
0.109747
0.109766
0.10977
0.109793
0.109797
0.109823
0.109826
0.109857
0.109775
0.109775
0.109776
0.109779
0.109781
0.109785
0.109788
0.109794
0.109798
0.109806
0.109811
0.109821
0.109826
0.109839
0.109844
0.10986
0.109864
0.109884
0.109887
0.10991
0.109914
0.10994
0.109943
0.109973
0.109888
0.109888
0.109889
0.109892
0.109894
0.109898
0.109901
0.109907
0.109911
0.109919
0.109923
0.109934
0.109938
0.109952
0.109955
0.109972
0.109976
0.109995
0.109999
0.110021
0.110025
0.110051
0.110053
0.110083
0.109994
0.109994
0.109995
0.109998
0.11
0.110004
0.110006
0.110013
0.110016
0.110025
0.110028
0.110039
0.110043
0.110057
0.11006
0.110077
0.11008
0.1101
0.110103
0.110125
0.110129
0.110154
0.110157
0.110186
0.110094
0.110095
0.110096
0.110098
0.1101
0.110105
0.110107
0.110114
0.110116
0.110125
0.110128
0.11014
0.110143
0.110157
0.11016
0.110177
0.11018
0.110199
0.110202
0.110224
0.110228
0.110253
0.110255
0.110284
0.110189
0.110189
0.11019
0.110193
0.110194
0.110199
0.110201
0.110208
0.11021
0.110219
0.110222
0.110233
0.110236
0.11025
0.110253
0.11027
0.110273
0.110292
0.110295
0.110317
0.11032
0.110345
0.110347
0.110376
0.110278
0.110279
0.11028
0.110282
0.110284
0.110288
0.11029
0.110297
0.110299
0.110308
0.110311
0.110322
0.110325
0.110339
0.110342
0.110358
0.110361
0.11038
0.110383
0.110405
0.110408
0.110432
0.110435
0.110463
0.110362
0.110362
0.110363
0.110366
0.110367
0.110372
0.110374
0.11038
0.110383
0.110391
0.110394
0.110405
0.110408
0.110422
0.110424
0.110441
0.110443
0.110462
0.110465
0.110487
0.110489
0.110514
0.110516
0.110544
0.110441
0.110442
0.110442
0.110445
0.110446
0.110451
0.110453
0.110459
0.110462
0.11047
0.110473
0.110484
0.110487
0.1105
0.110503
0.110519
0.110522
0.11054
0.110543
0.110564
0.110567
0.110591
0.110593
0.110621
0.110515
0.110515
0.110516
0.110518
0.11052
0.110524
0.110526
0.110533
0.110535
0.110544
0.110546
0.110557
0.11056
0.110573
0.110576
0.110592
0.110594
0.110613
0.110615
0.110637
0.110639
0.110663
0.110665
0.110693
0.110585
0.110585
0.110586
0.110588
0.11059
0.110594
0.110596
0.110602
0.110605
0.110613
0.110616
0.110627
0.110629
0.110642
0.110645
0.110661
0.110663
0.110682
0.110684
0.110705
0.110707
0.110731
0.110733
0.110761
0.110649
0.11065
0.110651
0.110653
0.110655
0.110658
0.110661
0.110667
0.110669
0.110677
0.11068
0.110691
0.110693
0.110706
0.110709
0.110724
0.110727
0.110745
0.110747
0.110768
0.11077
0.110794
0.110796
0.110823
0.110711
0.110711
0.110712
0.110714
0.110716
0.11072
0.110722
0.110728
0.110731
0.110738
0.110741
0.110751
0.110754
0.110767
0.11077
0.110785
0.110787
0.110805
0.110808
0.110828
0.11083
0.110854
0.110855
0.110882
0.110767
0.110767
0.110768
0.11077
0.110772
0.110776
0.110779
0.110783
0.110787
0.110794
0.110797
0.110807
0.11081
0.110823
0.110825
0.11084
0.110843
0.110861
0.110863
0.110883
0.110885
0.110908
0.11091
0.110937
0.110821
0.110821
0.110822
0.110824
0.110826
0.110829
0.110832
0.110837
0.110841
0.110847
0.110851
0.11086
0.110863
0.110875
0.110878
0.110893
0.110895
0.110913
0.110915
0.110935
0.110937
0.11096
0.110962
0.110988
0.110869
0.11087
0.110871
0.110872
0.110875
0.110877
0.110881
0.110885
0.110889
0.110895
0.110899
0.110908
0.110912
0.110923
0.110926
0.110941
0.110943
0.11096
0.110962
0.110982
0.110984
0.111007
0.111009
0.111035
0.110916
0.110916
0.110917
0.110919
0.110921
0.110924
0.110927
0.110931
0.110935
0.110941
0.110946
0.110953
0.110958
0.110968
0.110972
0.110985
0.110988
0.111005
0.111007
0.111027
0.111029
0.111051
0.111053
0.111079
0.110958
0.110958
0.110959
0.110961
0.110963
0.110965
0.110969
0.110972
0.110977
0.110982
0.110987
0.110994
0.110999
0.111008
0.111013
0.111026
0.111029
0.111046
0.111047
0.111067
0.111069
0.111091
0.111093
0.111118
0.110997
0.110998
0.110999
0.111
0.111002
0.111005
0.111008
0.111012
0.111016
0.111021
0.111026
0.111032
0.111038
0.111046
0.111052
0.111063
0.111067
0.111083
0.111085
0.111105
0.111106
0.111128
0.11113
0.111155
0.111033
0.111033
0.111034
0.111036
0.111038
0.11104
0.111043
0.111047
0.111051
0.111056
0.111061
0.111067
0.111073
0.111081
0.111087
0.111097
0.111102
0.111117
0.11112
0.111138
0.11114
0.111162
0.111163
0.111189
0.111066
0.111066
0.111067
0.111069
0.111071
0.111073
0.111076
0.11108
0.111084
0.111088
0.111093
0.111099
0.111105
0.111112
0.111118
0.111128
0.111133
0.111147
0.111151
0.111168
0.11117
0.111192
0.111193
0.111219
0.111096
0.111097
0.111097
0.111099
0.111101
0.111103
0.111106
0.111109
0.111113
0.111118
0.111122
0.111128
0.111134
0.11114
0.111147
0.111156
0.111162
0.111174
0.111179
0.111195
0.111198
0.111219
0.11122
0.111245
0.111123
0.111124
0.111125
0.111126
0.111128
0.11113
0.111133
0.111136
0.11114
0.111144
0.111148
0.111154
0.111159
0.111166
0.111172
0.11118
0.111187
0.111198
0.111203
0.111219
0.111222
0.111242
0.111244
0.111268
0.111149
0.111149
0.11115
0.111151
0.111153
0.111155
0.111158
0.111161
0.111164
0.111168
0.111172
0.111177
0.111183
0.111189
0.111195
0.111202
0.11121
0.11122
0.111225
0.11124
0.111243
0.111263
0.111265
0.111289
0.111171
0.111172
0.111172
0.111173
0.111175
0.111177
0.111179
0.111182
0.111185
0.111189
0.111193
0.111198
0.111203
0.111208
0.111214
0.111221
0.111228
0.111237
0.111244
0.111257
0.111261
0.11128
0.111282
0.111306
0.111192
0.111193
0.111193
0.111194
0.111196
0.111198
0.1112
0.111202
0.111205
0.111208
0.111212
0.111216
0.111221
0.111226
0.111232
0.111238
0.111245
0.111253
0.11126
0.111271
0.111277
0.111294
0.111296
0.11132
0.11121
0.111211
0.111211
0.111212
0.111213
0.111215
0.111217
0.111219
0.111222
0.111224
0.111228
0.111232
0.111236
0.11124
0.111246
0.111251
0.111258
0.111265
0.111272
0.111282
0.111288
0.111304
0.111307
0.11133
0.111228
0.111228
0.111228
0.111229
0.11123
0.111231
0.111233
0.111235
0.111237
0.111239
0.111242
0.111245
0.111249
0.111253
0.111258
0.111263
0.111268
0.111275
0.111282
0.11129
0.111297
0.111311
0.111315
0.111339
0.111243
0.111243
0.111244
0.111244
0.111245
0.111246
0.111247
0.111249
0.111251
0.111252
0.111255
0.111257
0.11126
0.111263
0.111267
0.111271
0.111275
0.111281
0.111287
0.111294
0.111301
0.111312
0.111318
0.11134
0.111263
0.111263
0.111263
0.111263
0.111264
0.111264
0.111265
0.111266
0.111267
0.111268
0.11127
0.111271
0.111273
0.111275
0.111277
0.111279
0.111282
0.111286
0.111289
0.111294
0.111299
0.111307
0.111312
0.11133
0.111283
0.111283
0.111283
0.111283
0.111283
0.111283
0.111283
0.111283
0.111284
0.111284
0.111284
0.111285
0.111285
0.111286
0.111286
0.111287
0.111288
0.111289
0.11129
0.111291
0.111293
0.111295
0.111297
0.111303
0.11129
0.11129
0.11129
0.11129
0.11129
0.11129
0.11129
0.11129
0.11129
0.11129
0.11129
0.11129
0.11129
0.11129
0.11129
0.11129
0.111289
0.111289
0.11129
0.11129
0.11129
0.11129
0.11129
0.11129
)
;

boundaryField
{
    asym1
    {
        type            wedge;
    }
    asym2
    {
        type            wedge;
    }
    inlet
    {
        type            calculated;
        value           nonuniform List<scalar> 
24
(
0.111283
0.111283
0.111283
0.111283
0.111283
0.111283
0.111283
0.111283
0.111283
0.111284
0.111284
0.111284
0.111285
0.111285
0.111286
0.111286
0.111287
0.111288
0.111289
0.11129
0.111291
0.111293
0.111295
0.1113
)
;
    }
    nozzle
    {
        type            calculated;
        value           nonuniform List<scalar> 
174
(
0.11129
0.111303
0.11133
0.11134
0.111339
0.11133
0.11132
0.111306
0.111289
0.111268
0.111245
0.111219
0.111189
0.111155
0.111118
0.111079
0.111035
0.110988
0.110937
0.110882
0.110823
0.110761
0.110693
0.110621
0.110544
0.110463
0.110376
0.110284
0.110186
0.110083
0.109973
0.109857
0.109733
0.109602
0.109464
0.109318
0.109163
0.108999
0.108826
0.108642
0.108448
0.108242
0.108025
0.107795
0.107552
0.107296
0.107024
0.106738
0.106435
0.106115
0.105778
0.10542
0.105042
0.104643
0.104222
0.103777
0.103309
0.102814
0.102293
0.101744
0.101167
0.100559
0.099919
0.0992464
0.0985397
0.0977983
0.0970204
0.0962069
0.0953552
0.0944673
0.0935398
0.0925759
0.0915718
0.0905313
0.0894513
0.0883366
0.0871849
0.0860017
0.0847855
0.0835424
0.0822728
0.0809842
0.0796794
0.078368
0.0770573
0.0757415
0.0745414
0.0734637
0.0724607
0.0714973
0.0705546
0.0696225
0.0686952
0.0677658
0.0668275
0.0658936
0.0649784
0.0640765
0.0631878
0.0623092
0.0614433
0.0605873
0.0597438
0.0589094
0.0580872
0.0572739
0.056473
0.0556811
0.0549023
0.0541332
0.053378
0.0526332
0.0519032
0.0511843
0.050481
0.0497893
0.0491136
0.0484499
0.0478025
0.0471673
0.0465485
0.0459419
0.0453518
0.0447737
0.0442121
0.0436626
0.0431292
0.0426076
0.0421024
0.0416086
0.0411304
0.040664
0.0402137
0.0397747
0.0393507
0.038938
0.0385409
0.0381548
0.0377838
0.0374234
0.0370775
0.036742
0.0364207
0.0361096
0.0358123
0.0355248
0.0352511
0.0349865
0.0347349
0.0344928
0.0342637
0.0340434
0.0338356
0.0336364
0.0334495
0.033271
0.0331047
0.0329467
0.0328007
0.0326628
0.0325368
0.0324187
0.0323123
0.0322136
0.0321264
0.0320469
0.0319785
0.0319179
0.0318679
0.0318256
0.0317835
0.0317842
0.0317514
0.0318081
)
;
    }
    outlet
    {
        type            calculated;
        value           nonuniform List<scalar> 
24
(
0.0309001
0.0309025
0.0309091
0.0309173
0.0309311
0.0309445
0.0309655
0.030984
0.0310118
0.0310357
0.0310696
0.0310996
0.0311383
0.031176
0.0312173
0.0312652
0.0313048
0.0313675
0.0314029
0.0314821
0.0315115
0.0316086
0.0316275
0.0317323
)
;
    }
}


// ************************************************************************* //
