/*--------------------------------*- C++ -*----------------------------------*\
  =========                 |
  \\      /  F ield         | OpenFOAM: The Open Source CFD Toolbox
   \\    /   O peration     | Website:  https://openfoam.org
    \\  /    A nd           | Version:  10
     \\/     M anipulation  |
\*---------------------------------------------------------------------------*/
FoamFile
{
    format      ascii;
    class       volScalarField;
    location    "0.05";
    object      rho;
}
// * * * * * * * * * * * * * * * * * * * * * * * * * * * * * * * * * * * * * //

dimensions      [1 -3 0 0 0 0 0];

internalField   nonuniform List<scalar> 
4176
(
0.0435839
0.0435846
0.0435868
0.0435905
0.0435955
0.0436013
0.0436088
0.0436169
0.043627
0.0436374
0.0436501
0.0436629
0.043678
0.0436939
0.0437103
0.0437311
0.0437468
0.0437741
0.0437883
0.043823
0.043834
0.0438767
0.0438823
0.0439307
0.0431846
0.0431854
0.0431876
0.0431913
0.0431962
0.0432021
0.0432095
0.0432177
0.0432277
0.0432381
0.0432508
0.0432635
0.0432787
0.0432942
0.0433116
0.0433303
0.0433494
0.0433725
0.0433914
0.043422
0.0434376
0.0434799
0.0434887
0.0435477
0.0434193
0.0434202
0.0434225
0.0434262
0.0434312
0.0434372
0.0434448
0.043453
0.0434633
0.0434738
0.0434868
0.0434995
0.043515
0.0435307
0.043548
0.0435673
0.0435858
0.0436099
0.0436277
0.0436593
0.0436736
0.0437165
0.0437249
0.0437833
0.0434915
0.0434926
0.043495
0.0434986
0.0435038
0.0435096
0.0435175
0.0435254
0.0435361
0.0435463
0.0435596
0.0435721
0.0435878
0.0436037
0.0436203
0.0436411
0.0436571
0.043684
0.0436987
0.0437326
0.0437444
0.0437873
0.0437943
0.0438479
0.0435696
0.0435707
0.0435731
0.0435767
0.043582
0.0435877
0.0435958
0.0436036
0.0436145
0.0436245
0.0436381
0.0436506
0.0436665
0.0436823
0.0436988
0.0437198
0.0437358
0.0437625
0.0437773
0.0438112
0.0438228
0.0438654
0.0438719
0.0439245
0.0435886
0.0435899
0.0435923
0.0435958
0.0436011
0.0436067
0.0436148
0.0436226
0.0436335
0.0436434
0.043657
0.0436693
0.0436852
0.0437005
0.0437177
0.0437375
0.0437544
0.0437804
0.0437954
0.0438288
0.0438406
0.0438832
0.0438899
0.0439439
0.0435892
0.0435907
0.0435932
0.0435966
0.043602
0.0436075
0.0436158
0.0436233
0.0436345
0.0436442
0.043658
0.0436701
0.0436863
0.0437013
0.0437188
0.0437385
0.0437556
0.0437813
0.0437966
0.0438298
0.0438418
0.0438842
0.0438911
0.0439449
0.0435597
0.0435612
0.0435637
0.0435669
0.0435725
0.0435777
0.0435863
0.0435935
0.0436049
0.0436143
0.0436284
0.0436402
0.0436567
0.0436714
0.0436891
0.0437085
0.0437258
0.0437511
0.0437667
0.0437995
0.0438117
0.0438538
0.0438607
0.0439143
0.043513
0.0435147
0.0435173
0.0435202
0.043526
0.0435308
0.0435396
0.0435463
0.043558
0.0435668
0.0435812
0.0435924
0.0436089
0.0436232
0.0436409
0.0436598
0.0436771
0.0437018
0.0437174
0.0437496
0.0437616
0.043803
0.0438098
0.0438627
0.043454
0.0434557
0.0434584
0.0434612
0.0434672
0.0434716
0.0434809
0.043487
0.0434993
0.0435075
0.0435224
0.0435331
0.04355
0.0435639
0.043582
0.0436004
0.0436181
0.0436423
0.0436581
0.0436899
0.0437021
0.0437431
0.0437498
0.0438025
0.0433696
0.0433713
0.0433741
0.0433767
0.0433828
0.0433871
0.0433965
0.0434024
0.0434149
0.0434226
0.043438
0.0434481
0.0434655
0.0434788
0.0434974
0.0435152
0.0435332
0.0435569
0.0435731
0.0436044
0.0436168
0.0436575
0.0436644
0.0437167
0.0432782
0.0432801
0.0432829
0.0432854
0.0432915
0.0432956
0.043305
0.0433107
0.0433233
0.0433307
0.0433461
0.0433557
0.0433734
0.0433861
0.0434047
0.0434218
0.0434401
0.0434631
0.0434793
0.0435099
0.0435223
0.0435623
0.0435691
0.0436209
0.0431758
0.0431778
0.0431806
0.0431831
0.0431892
0.0431932
0.0432026
0.0432082
0.0432208
0.0432281
0.0432437
0.0432529
0.0432709
0.0432831
0.0433021
0.0433186
0.0433372
0.0433597
0.0433762
0.0434063
0.0434189
0.0434584
0.0434653
0.0435165
0.0430615
0.0430636
0.0430663
0.0430688
0.0430749
0.0430788
0.0430882
0.0430936
0.0431063
0.0431133
0.0431289
0.0431379
0.043156
0.0431677
0.0431871
0.0432029
0.0432217
0.0432435
0.0432604
0.0432897
0.0433026
0.0433414
0.0433485
0.0433992
0.0429431
0.0429453
0.0429481
0.0429504
0.0429565
0.0429603
0.0429697
0.0429749
0.0429876
0.0429943
0.04301
0.0430186
0.0430367
0.0430479
0.0430675
0.0430828
0.0431018
0.043123
0.0431399
0.0431686
0.0431816
0.0432197
0.0432267
0.0432767
0.0428204
0.0428226
0.0428254
0.0428276
0.0428337
0.0428374
0.0428468
0.0428519
0.0428646
0.042871
0.0428868
0.042895
0.0429134
0.0429241
0.0429439
0.0429585
0.0429779
0.0429984
0.0430156
0.0430436
0.0430568
0.0430941
0.0431013
0.0431506
0.0426944
0.0426967
0.0426994
0.0427016
0.0427076
0.0427112
0.0427206
0.0427255
0.0427382
0.0427444
0.0427603
0.0427681
0.0427865
0.0427967
0.0428167
0.0428306
0.0428504
0.0428702
0.0428876
0.0429147
0.0429281
0.0429645
0.0429718
0.0430204
0.0425694
0.0425718
0.0425745
0.0425766
0.0425826
0.042586
0.0425954
0.0426001
0.0426128
0.0426187
0.0426347
0.0426421
0.0426607
0.0426703
0.0426905
0.0427037
0.0427236
0.0427427
0.0427602
0.0427866
0.0428001
0.0428356
0.0428431
0.0428907
0.0424466
0.0424491
0.0424518
0.0424538
0.0424597
0.042463
0.0424724
0.0424768
0.0424896
0.0424951
0.0425111
0.0425181
0.0425368
0.0425459
0.0425662
0.0425788
0.0425989
0.0426171
0.0426348
0.0426604
0.0426741
0.0427087
0.0427163
0.042763
0.0423282
0.0423307
0.0423333
0.0423353
0.0423411
0.0423444
0.0423536
0.0423579
0.0423706
0.0423759
0.0423918
0.0423984
0.042417
0.0424257
0.042446
0.0424581
0.0424783
0.0424955
0.0425134
0.042538
0.042552
0.0425856
0.0425934
0.042639
0.0422164
0.0422191
0.0422216
0.0422237
0.0422292
0.0422326
0.0422415
0.0422459
0.0422581
0.0422635
0.0422789
0.0422855
0.0423036
0.0423122
0.0423321
0.0423437
0.042364
0.0423803
0.0423984
0.0424221
0.0424363
0.0424687
0.0424767
0.0425211
0.0421136
0.0421163
0.0421187
0.0421208
0.0421261
0.0421296
0.0421381
0.0421426
0.0421544
0.0421598
0.0421748
0.0421813
0.042199
0.0422073
0.0422269
0.042238
0.0422581
0.0422735
0.042292
0.0423145
0.0423289
0.04236
0.0423682
0.0424114
0.0420212
0.0420241
0.0420263
0.0420285
0.0420336
0.0420371
0.0420453
0.0420498
0.0420612
0.0420665
0.0420811
0.0420875
0.0421048
0.0421128
0.042132
0.0421425
0.0421625
0.0421769
0.0421958
0.0422169
0.0422314
0.0422612
0.0422696
0.0423114
0.0419415
0.0419444
0.0419466
0.0419488
0.0419536
0.0419571
0.041965
0.0419695
0.0419805
0.0419858
0.0419999
0.0420061
0.0420229
0.0420306
0.0420494
0.0420594
0.042079
0.0420925
0.0421115
0.0421313
0.0421459
0.0421742
0.0421828
0.042223
0.0418761
0.041879
0.0418811
0.0418832
0.0418879
0.0418914
0.041899
0.0419033
0.0419139
0.041919
0.0419327
0.0419387
0.0419551
0.0419623
0.0419808
0.0419901
0.0420096
0.0420222
0.042041
0.0420594
0.0420741
0.0421008
0.0421096
0.042148
0.0418265
0.0418294
0.0418315
0.0418335
0.041838
0.0418413
0.0418487
0.0418528
0.0418631
0.041868
0.0418812
0.0418868
0.0419027
0.0419095
0.0419275
0.0419362
0.0419553
0.041967
0.0419857
0.0420025
0.0420175
0.0420426
0.0420515
0.042088
0.0417939
0.0417969
0.0417988
0.0418008
0.0418051
0.0418083
0.0418153
0.0418193
0.0418292
0.0418338
0.0418465
0.0418518
0.0418671
0.0418735
0.0418909
0.041899
0.0419176
0.0419283
0.041947
0.041962
0.0419773
0.0420007
0.0420099
0.0420444
0.0417798
0.0417829
0.0417847
0.0417866
0.0417907
0.0417937
0.0418004
0.0418042
0.0418136
0.0418179
0.0418301
0.041835
0.0418497
0.0418556
0.0418723
0.0418797
0.0418978
0.0419076
0.0419259
0.0419394
0.0419549
0.0419765
0.0419859
0.0420183
0.041785
0.0417881
0.0417898
0.0417916
0.0417955
0.0417984
0.0418047
0.0418083
0.0418172
0.0418212
0.0418328
0.0418373
0.0418514
0.0418566
0.0418728
0.0418793
0.0418968
0.0419055
0.0419234
0.0419355
0.0419512
0.0419705
0.0419802
0.0420104
0.0418104
0.0418135
0.0418151
0.0418168
0.0418205
0.0418232
0.0418292
0.0418324
0.0418409
0.0418446
0.0418556
0.0418596
0.041873
0.0418777
0.0418931
0.0418988
0.0419157
0.0419232
0.0419405
0.0419511
0.0419669
0.041984
0.0419938
0.0420216
0.0418567
0.0418599
0.0418614
0.041863
0.0418664
0.0418689
0.0418745
0.0418775
0.0418855
0.0418888
0.0418992
0.0419027
0.0419155
0.0419194
0.0419342
0.041939
0.0419551
0.0419615
0.0419782
0.0419871
0.0420029
0.0420177
0.0420275
0.0420529
0.0419245
0.0419277
0.0419291
0.0419306
0.0419337
0.041936
0.0419412
0.0419439
0.0419514
0.0419542
0.041964
0.041967
0.0419791
0.0419823
0.0419963
0.0420002
0.0420157
0.0420207
0.0420369
0.0420442
0.0420595
0.0420719
0.0420818
0.0421046
0.0420144
0.0420175
0.0420187
0.04202
0.0420229
0.042025
0.0420298
0.0420322
0.042039
0.0420415
0.0420506
0.042053
0.0420643
0.0420668
0.04208
0.0420829
0.0420977
0.0421015
0.042117
0.0421227
0.0421375
0.0421474
0.0421575
0.0421774
0.0421261
0.0421293
0.0421305
0.0421317
0.0421343
0.0421361
0.0421404
0.0421424
0.0421487
0.0421506
0.042159
0.0421608
0.0421713
0.042173
0.0421854
0.0421874
0.0422013
0.0422039
0.0422188
0.0422229
0.0422373
0.0422448
0.042255
0.0422719
0.0422603
0.0422634
0.0422644
0.0422655
0.0422678
0.0422694
0.0422733
0.0422749
0.0422806
0.042282
0.0422897
0.0422908
0.0423005
0.0423014
0.0423129
0.0423137
0.0423269
0.0423281
0.0423422
0.0423447
0.0423585
0.0423638
0.042374
0.0423881
0.0424169
0.0424201
0.042421
0.042422
0.042424
0.0424253
0.0424288
0.04243
0.0424351
0.0424361
0.042443
0.0424435
0.0424523
0.0424523
0.0424629
0.0424626
0.0424748
0.0424747
0.0424879
0.0424889
0.042502
0.0425054
0.0425155
0.0425267
0.0425956
0.0425988
0.0425995
0.0426004
0.0426021
0.0426032
0.0426061
0.0426071
0.0426115
0.042612
0.0426181
0.0426179
0.0426259
0.042625
0.0426347
0.0426332
0.0426445
0.0426429
0.0426553
0.0426544
0.0426668
0.042668
0.0426782
0.0426865
0.0427969
0.0428001
0.0428007
0.0428015
0.0428029
0.0428038
0.0428063
0.0428068
0.0428106
0.0428106
0.042816
0.0428151
0.0428222
0.0428204
0.0428292
0.0428265
0.0428369
0.0428338
0.0428454
0.0428427
0.0428543
0.0428533
0.0428634
0.0428688
0.04302
0.0430231
0.0430236
0.0430243
0.0430254
0.043026
0.043028
0.0430282
0.0430313
0.0430308
0.0430354
0.0430339
0.0430401
0.0430374
0.0430454
0.0430415
0.0430511
0.0430464
0.0430572
0.0430524
0.0430635
0.0430601
0.0430696
0.0430719
0.0432654
0.0432686
0.0432689
0.0432694
0.0432702
0.0432706
0.0432721
0.0432718
0.0432743
0.0432732
0.043277
0.0432748
0.0432801
0.0432766
0.0432836
0.0432787
0.0432874
0.0432812
0.0432912
0.0432846
0.043295
0.0432892
0.0432982
0.0432972
0.0435315
0.0435347
0.0435349
0.0435353
0.0435357
0.0435359
0.0435369
0.0435363
0.0435381
0.0435365
0.0435395
0.0435366
0.043541
0.0435366
0.0435428
0.0435366
0.0435447
0.043537
0.0435465
0.0435378
0.0435477
0.0435394
0.0435481
0.0435437
0.0438223
0.0438255
0.0438256
0.0438258
0.0438258
0.0438256
0.043826
0.0438249
0.0438259
0.0438236
0.0438256
0.0438217
0.043825
0.0438193
0.0438244
0.0438165
0.0438236
0.0438138
0.0438226
0.0438116
0.043821
0.0438103
0.0438186
0.0438113
0.0441244
0.0441276
0.0441276
0.0441278
0.0441279
0.0441277
0.0441281
0.044127
0.044128
0.0441257
0.0441277
0.0441239
0.0441272
0.0441214
0.0441263
0.0441181
0.0441248
0.0441139
0.0441223
0.0441095
0.0441187
0.0441057
0.0441138
0.0441033
0.0444596
0.0444628
0.0444624
0.0444622
0.0444614
0.0444603
0.0444594
0.0444571
0.0444564
0.0444525
0.0444526
0.0444468
0.0444481
0.0444401
0.0444433
0.0444327
0.044438
0.0444247
0.044432
0.0444162
0.0444249
0.044408
0.0444166
0.0444049
0.0448136
0.0448168
0.0448165
0.0448164
0.0448157
0.0448148
0.044814
0.0448118
0.0448112
0.0448074
0.0448075
0.0448016
0.0448028
0.0447945
0.0447974
0.0447861
0.0447911
0.0447767
0.0447839
0.0447663
0.044775
0.0447543
0.0447627
0.0447413
0.0451848
0.0451881
0.0451875
0.0451872
0.045186
0.0451846
0.0451831
0.0451802
0.0451786
0.0451739
0.0451728
0.0451657
0.0451656
0.0451558
0.0451574
0.0451443
0.045148
0.0451314
0.0451376
0.0451175
0.0451265
0.0451041
0.0451132
0.0450941
0.0455801
0.0455833
0.0455827
0.0455823
0.0455808
0.0455793
0.0455774
0.0455742
0.0455722
0.0455669
0.0455653
0.0455575
0.0455568
0.045546
0.045547
0.0455326
0.0455359
0.045517
0.0455237
0.0455002
0.0455091
0.0454821
0.0454905
0.0454648
0.0459954
0.0459987
0.045998
0.0459973
0.0459955
0.0459937
0.0459912
0.0459875
0.0459849
0.0459789
0.0459765
0.0459677
0.0459662
0.0459539
0.0459542
0.0459378
0.0459406
0.0459197
0.0459255
0.0458992
0.045908
0.0458788
0.0458873
0.0458596
0.0464289
0.0464321
0.0464313
0.0464306
0.0464286
0.0464266
0.0464238
0.0464199
0.0464167
0.0464104
0.0464075
0.0463983
0.0463963
0.0463832
0.0463829
0.0463649
0.0463673
0.0463436
0.0463499
0.0463209
0.0463291
0.046297
0.0463052
0.0462735
0.0468818
0.0468851
0.0468841
0.0468831
0.0468807
0.0468782
0.0468748
0.0468701
0.0468662
0.0468589
0.046855
0.0468443
0.0468414
0.0468269
0.0468261
0.046807
0.046809
0.046784
0.0467896
0.0467596
0.0467671
0.0467337
0.0467414
0.0467079
0.0473563
0.0473595
0.0473585
0.0473575
0.0473549
0.0473523
0.0473486
0.0473438
0.0473395
0.0473318
0.0473276
0.0473163
0.047313
0.0472969
0.0472955
0.0472735
0.0472754
0.0472473
0.0472519
0.0472188
0.0472252
0.0471881
0.0471951
0.047157
0.047848
0.0478512
0.04785
0.0478487
0.0478458
0.0478427
0.0478384
0.0478328
0.0478277
0.0478189
0.0478139
0.0478012
0.0477974
0.04778
0.0477788
0.0477555
0.0477569
0.0477283
0.047732
0.0476982
0.047704
0.0476657
0.0476724
0.0476323
0.0483613
0.0483645
0.0483632
0.0483619
0.0483588
0.0483557
0.048351
0.0483453
0.0483399
0.0483308
0.0483256
0.0483118
0.048308
0.0482883
0.0482865
0.0482609
0.0482612
0.04823
0.0482325
0.0481958
0.0482004
0.0481585
0.0481645
0.0481203
0.0488908
0.0488941
0.0488926
0.0488911
0.0488875
0.048884
0.0488787
0.0488722
0.0488661
0.0488557
0.0488501
0.0488346
0.0488305
0.04881
0.0488075
0.0487817
0.048781
0.0487497
0.0487512
0.0487139
0.0487179
0.048675
0.0486806
0.048634
0.0494409
0.0494443
0.0494427
0.0494413
0.0494375
0.0494339
0.0494283
0.0494217
0.0494155
0.0494045
0.0493989
0.0493827
0.0493779
0.0493562
0.0493525
0.0493249
0.049323
0.0492892
0.0492894
0.0492494
0.0492521
0.0492057
0.0492105
0.0491601
0.0500077
0.0500112
0.0500092
0.0500078
0.0500034
0.0499996
0.0499933
0.0499859
0.0499792
0.049967
0.0499606
0.0499433
0.0499376
0.0499151
0.0499106
0.0498825
0.0498796
0.0498456
0.049845
0.0498044
0.0498064
0.0497592
0.0497636
0.0497113
0.0505929
0.0505964
0.0505943
0.050593
0.0505882
0.0505846
0.0505779
0.0505705
0.0505634
0.0505511
0.0505442
0.0505267
0.0505203
0.0504971
0.0504915
0.0504622
0.0504582
0.0504222
0.0504203
0.0503772
0.050378
0.0503275
0.050331
0.0502748
0.0511957
0.0511992
0.051197
0.0511955
0.0511904
0.0511864
0.051179
0.0511715
0.0511634
0.0511504
0.0511426
0.051124
0.0511167
0.0510924
0.051086
0.0510558
0.0510508
0.0510142
0.0510114
0.0509676
0.0509677
0.0509164
0.0509195
0.0508616
0.0518148
0.0518184
0.0518162
0.0518145
0.0518094
0.0518052
0.0517975
0.0517902
0.0517809
0.0517683
0.0517599
0.051741
0.0517331
0.0517084
0.0517011
0.0516702
0.0516641
0.0516262
0.0516222
0.0515766
0.0515755
0.0515215
0.0515237
0.0514622
0.052451
0.0524546
0.0524524
0.0524505
0.0524453
0.0524407
0.0524327
0.052425
0.0524147
0.0524023
0.0523924
0.0523732
0.0523645
0.0523388
0.0523307
0.0522989
0.0522919
0.0522531
0.0522481
0.0522016
0.0521996
0.0521445
0.0521464
0.0520832
0.0531039
0.0531074
0.0531052
0.0531032
0.0530979
0.0530931
0.0530848
0.0530769
0.0530661
0.0530539
0.0530426
0.0530239
0.0530138
0.0529878
0.0529788
0.052946
0.0529379
0.0528983
0.0528921
0.0528444
0.0528414
0.0527843
0.0527853
0.0527192
0.0537704
0.053774
0.0537718
0.0537697
0.0537642
0.0537592
0.0537507
0.0537426
0.0537313
0.0537191
0.0537068
0.0536884
0.0536771
0.0536512
0.0536416
0.0536086
0.0535997
0.0535594
0.0535523
0.0535036
0.0534997
0.0534414
0.0534419
0.053374
0.054456
0.0544597
0.0544574
0.0544551
0.0544496
0.0544443
0.0544355
0.054427
0.0544152
0.0544029
0.0543893
0.054371
0.0543579
0.0543319
0.0543205
0.0542863
0.0542763
0.0542352
0.054227
0.0541774
0.0541726
0.0541128
0.0541126
0.0540425
0.0551512
0.0551549
0.0551526
0.0551503
0.0551448
0.0551395
0.0551306
0.0551221
0.0551101
0.0550979
0.0550839
0.0550662
0.0550523
0.0550274
0.0550151
0.0549818
0.0549713
0.0549299
0.0549208
0.0548704
0.0548646
0.0548036
0.0548028
0.0547307
0.0558664
0.0558701
0.0558678
0.0558654
0.0558596
0.055854
0.0558447
0.0558358
0.0558231
0.0558105
0.0557953
0.0557772
0.0557617
0.0557361
0.0557219
0.0556879
0.0556757
0.0556335
0.0556235
0.0555725
0.055566
0.0555043
0.055503
0.0554298
0.0565903
0.0565941
0.0565919
0.0565895
0.0565839
0.0565784
0.0565693
0.0565605
0.056548
0.0565357
0.0565204
0.056503
0.0564872
0.0564627
0.056448
0.0564151
0.0564021
0.0563601
0.056349
0.0562972
0.0562897
0.0562264
0.0562244
0.0561486
0.0573304
0.0573343
0.057332
0.0573295
0.0573236
0.0573179
0.0573082
0.0572991
0.0572858
0.057273
0.0572567
0.0572388
0.0572216
0.0571965
0.0571803
0.0571467
0.0571325
0.0570904
0.0570787
0.0570269
0.057019
0.056956
0.0569537
0.0568782
0.0580837
0.0580876
0.0580854
0.0580831
0.0580772
0.0580717
0.0580623
0.0580534
0.0580402
0.0580278
0.0580114
0.0579941
0.0579766
0.0579523
0.0579355
0.0579025
0.0578874
0.0578448
0.057832
0.057779
0.05777
0.0577049
0.0577017
0.0576232
0.0588455
0.0588495
0.0588472
0.0588448
0.0588387
0.058833
0.0588231
0.0588139
0.0588002
0.0587875
0.0587704
0.058753
0.0587345
0.0587102
0.0586924
0.0586594
0.0586439
0.0586016
0.0585889
0.0585367
0.0585276
0.0584637
0.0584604
0.0583829
0.0596265
0.0596305
0.0596282
0.0596259
0.0596198
0.0596142
0.0596043
0.0595951
0.0595813
0.0595686
0.0595512
0.0595339
0.0595148
0.0594905
0.0594719
0.0594388
0.059422
0.0593788
0.0593648
0.059311
0.0593008
0.0592346
0.0592305
0.0591506
0.0604096
0.0604137
0.0604113
0.0604089
0.0604028
0.0603969
0.0603869
0.0603776
0.0603635
0.0603508
0.0603331
0.0603163
0.0602965
0.060273
0.0602539
0.0602216
0.0602048
0.0601627
0.0601488
0.0600963
0.0600862
0.0600213
0.0600172
0.0599379
0.0612134
0.0612175
0.0612151
0.0612127
0.0612064
0.0612004
0.06119
0.0611805
0.0611659
0.0611529
0.0611344
0.0611172
0.0610965
0.0610726
0.0610522
0.0610195
0.0610013
0.0609582
0.0609432
0.0608894
0.0608785
0.0608122
0.0608076
0.0607273
0.0620178
0.0620221
0.0620197
0.0620173
0.0620111
0.0620052
0.0619949
0.0619856
0.0619711
0.0619584
0.06194
0.0619234
0.0619023
0.0618797
0.0618589
0.0618273
0.0618091
0.0617672
0.0617522
0.0616993
0.0616884
0.0616226
0.0616178
0.0615372
0.0628368
0.062841
0.0628387
0.0628362
0.0628299
0.0628239
0.0628133
0.0628037
0.0627888
0.0627757
0.0627567
0.0627397
0.0627177
0.0626947
0.0626727
0.0626411
0.0626216
0.0625794
0.0625639
0.0625105
0.0624995
0.0624338
0.0624291
0.0623493
0.0636597
0.0636641
0.063662
0.0636598
0.0636539
0.0636483
0.0636382
0.0636292
0.0636149
0.0636025
0.0635839
0.0635677
0.0635457
0.0635241
0.0635014
0.0634711
0.0634508
0.0634095
0.0633935
0.0633399
0.0633287
0.0632622
0.0632573
0.0631763
0.0644852
0.0644897
0.0644878
0.0644857
0.06448
0.0644747
0.0644649
0.0644563
0.0644421
0.0644301
0.0644118
0.064396
0.0643742
0.0643531
0.0643302
0.0643011
0.0642801
0.06424
0.0642236
0.0641714
0.0641604
0.064095
0.0640907
0.0640114
0.0653208
0.0653254
0.0653239
0.0653224
0.0653173
0.0653128
0.0653038
0.0652962
0.065283
0.0652721
0.0652547
0.0652401
0.0652188
0.0651991
0.0651761
0.0651483
0.0651264
0.0650871
0.0650694
0.0650165
0.0650049
0.0649375
0.0649329
0.0648521
0.0661486
0.0661533
0.0661521
0.066151
0.0661464
0.0661426
0.0661343
0.0661277
0.0661155
0.066106
0.0660898
0.0660769
0.0660573
0.0660394
0.0660181
0.065993
0.0659724
0.0659364
0.06592
0.0658698
0.0658598
0.0657935
0.0657892
0.0657085
0.0669948
0.0669998
0.0669986
0.0669983
0.0669937
0.066991
0.0669829
0.0669775
0.0669656
0.0669573
0.0669417
0.06693
0.0669109
0.0668941
0.0668736
0.066849
0.0668294
0.0667929
0.0667779
0.0667261
0.066718
0.0666504
0.0666465
0.0665643
0.0678324
0.0678378
0.067836
0.0678369
0.0678313
0.0678304
0.0678212
0.067818
0.0678054
0.0677995
0.0677838
0.0677744
0.0677566
0.067742
0.0677248
0.0677005
0.0676877
0.0676502
0.0676435
0.0675924
0.0675899
0.0675257
0.0675246
0.0674467
0.0686999
0.0687053
0.0687038
0.0687037
0.0686988
0.0686964
0.0686877
0.068683
0.0686704
0.0686633
0.068647
0.0686371
0.0686178
0.0686034
0.0685854
0.0685595
0.0685467
0.0685083
0.0685018
0.068449
0.0684489
0.0683845
0.0683873
0.0683162
0.0695701
0.0695754
0.0695737
0.069573
0.0695676
0.069564
0.0695548
0.0695486
0.0695354
0.0695269
0.06951
0.0694991
0.0694792
0.0694653
0.0694447
0.0694228
0.0694082
0.0693722
0.0693675
0.0693161
0.0693193
0.0692545
0.0692603
0.0691886
0.0704819
0.0704873
0.0704845
0.0704835
0.0704761
0.0704715
0.0704594
0.0704516
0.0704347
0.0704239
0.0704026
0.0703889
0.0703642
0.0703469
0.0703208
0.0702957
0.0702767
0.0702361
0.0702288
0.0701717
0.0701747
0.0701048
0.0701126
0.0700384
0.0714123
0.0714179
0.0714139
0.0714126
0.0714029
0.0713976
0.071382
0.0713731
0.0713515
0.0713395
0.0713123
0.0712972
0.0712659
0.0712461
0.0712147
0.0711857
0.0711625
0.0711179
0.0711074
0.0710463
0.0710481
0.0709722
0.0709807
0.0708983
0.0723899
0.0723951
0.0723914
0.0723876
0.0723782
0.0723686
0.0723529
0.0723382
0.0723159
0.0722964
0.0722676
0.0722437
0.0722086
0.0721805
0.0721406
0.0721069
0.0720708
0.0720189
0.0719983
0.0719263
0.0719219
0.0718343
0.0718414
0.0717482
0.0733955
0.0734004
0.0733966
0.0733916
0.0733813
0.0733701
0.0733527
0.0733355
0.0733108
0.0732878
0.0732557
0.0732271
0.0731878
0.0731539
0.0731078
0.0730683
0.0730179
0.072967
0.0729275
0.0728493
0.0728332
0.0727307
0.0727315
0.0726187
0.0744434
0.0744481
0.0744441
0.0744385
0.0744274
0.074415
0.0743962
0.0743771
0.0743503
0.0743245
0.0742894
0.074257
0.0742134
0.0741741
0.0741222
0.0740757
0.0740165
0.0739599
0.0738999
0.0738219
0.0737797
0.0736641
0.0736508
0.0735103
0.0755169
0.0755215
0.0755176
0.0755118
0.0755005
0.0754877
0.0754685
0.0754487
0.0754211
0.0753944
0.0753582
0.0753245
0.0752793
0.0752382
0.0751839
0.0751343
0.0750712
0.0750106
0.0749417
0.0748634
0.0747978
0.0746828
0.074645
0.0744705
0.0766199
0.0766245
0.0766208
0.0766151
0.0766038
0.0765911
0.0765717
0.0765519
0.0765242
0.0764973
0.0764608
0.0764266
0.0763811
0.0763392
0.0762842
0.0762341
0.0761701
0.0761086
0.0760382
0.0759596
0.0758878
0.075778
0.0757254
0.0755392
0.0777386
0.0777435
0.07774
0.0777347
0.0777239
0.0777118
0.077693
0.0776742
0.0776471
0.0776215
0.0775859
0.0775533
0.0775089
0.077469
0.0774155
0.0773674
0.0773051
0.077246
0.0771793
0.0771014
0.0770397
0.076927
0.0768885
0.0767243
0.0788714
0.0788765
0.0788732
0.0788686
0.0788582
0.0788471
0.078829
0.0788114
0.0787853
0.0787612
0.0787268
0.0786961
0.0786532
0.0786153
0.078564
0.0785186
0.0784591
0.0784038
0.0783407
0.078267
0.0782104
0.0781042
0.0780682
0.077917
0.080008
0.0800135
0.0800106
0.0800067
0.079997
0.0799871
0.0799701
0.0799542
0.0799295
0.0799077
0.079875
0.0798473
0.0798065
0.0797723
0.0797236
0.0796819
0.0796258
0.079575
0.0795154
0.0794471
0.0793946
0.0792963
0.079262
0.0791219
0.081145
0.081151
0.0811479
0.0811455
0.0811357
0.0811279
0.081111
0.0810979
0.0810735
0.0810552
0.081023
0.0809993
0.0809594
0.0809297
0.0808828
0.0808459
0.0807929
0.0807471
0.0806915
0.0806289
0.0805804
0.0804909
0.0804585
0.0803308
0.0822754
0.0822817
0.0822785
0.0822777
0.0822677
0.0822626
0.0822454
0.082236
0.0822111
0.0821978
0.0821649
0.0821476
0.0821069
0.0820847
0.0820373
0.0820079
0.0819564
0.081916
0.0818643
0.0818072
0.081762
0.0816811
0.0816504
0.0815343
0.0833962
0.0834026
0.0833999
0.0833995
0.0833909
0.0833862
0.0833709
0.0833628
0.0833399
0.0833285
0.0832981
0.0832832
0.0832452
0.0832263
0.0831816
0.0831572
0.0831079
0.0830743
0.0830256
0.0829753
0.0829335
0.0828617
0.082833
0.0827289
0.0845005
0.084507
0.0845053
0.0845047
0.0844982
0.0844932
0.0844814
0.0844724
0.0844545
0.0844422
0.0844174
0.0844021
0.0843703
0.0843519
0.0843133
0.0842906
0.0842467
0.0842171
0.0841713
0.0841283
0.0840893
0.0840258
0.0839987
0.0839057
0.0855897
0.0855961
0.085595
0.0855948
0.0855894
0.0855851
0.0855749
0.085567
0.0855514
0.0855403
0.0855187
0.0855048
0.0854769
0.0854601
0.0854261
0.0854058
0.0853665
0.0853411
0.0852989
0.0852642
0.0852269
0.0851721
0.0851469
0.0850654
0.0866537
0.0866601
0.0866595
0.0866597
0.0866555
0.086652
0.0866436
0.0866369
0.0866237
0.0866141
0.0865957
0.0865835
0.0865596
0.0865451
0.0865153
0.0864981
0.0864631
0.0864418
0.0864032
0.0863749
0.0863393
0.0862929
0.0862694
0.0861984
0.0877005
0.0877068
0.0877067
0.0877073
0.0877039
0.0877013
0.0876941
0.0876887
0.0876772
0.0876693
0.0876531
0.087643
0.0876218
0.0876096
0.0875834
0.0875689
0.0875379
0.0875205
0.0874861
0.0874631
0.0874296
0.087392
0.0873706
0.08731
0.0887134
0.0887197
0.08872
0.088721
0.0887186
0.0887169
0.0887111
0.088707
0.0886975
0.0886912
0.0886777
0.0886696
0.0886517
0.088642
0.0886193
0.0886081
0.088581
0.0885673
0.0885368
0.0885189
0.0884878
0.0884583
0.0884382
0.0883875
0.0897104
0.0897166
0.0897172
0.0897187
0.0897169
0.089716
0.0897114
0.0897084
0.0897004
0.0896957
0.0896841
0.0896779
0.0896624
0.0896549
0.0896353
0.0896265
0.0896029
0.0895925
0.0895657
0.0895521
0.0895245
0.0895024
0.0894835
0.0894423
0.0906654
0.0906715
0.0906725
0.0906743
0.0906733
0.0906731
0.0906698
0.0906679
0.0906617
0.0906585
0.0906492
0.0906449
0.0906322
0.0906271
0.0906106
0.0906049
0.0905846
0.0905778
0.0905546
0.0905453
0.0905211
0.0905058
0.0904882
0.0904556
0.0916078
0.0916138
0.091615
0.0916172
0.0916168
0.0916173
0.0916149
0.0916141
0.0916093
0.0916074
0.0915998
0.0915972
0.0915866
0.0915835
0.0915696
0.0915662
0.091549
0.0915451
0.0915252
0.0915196
0.0914986
0.0914886
0.0914728
0.0914479
0.0925009
0.0925067
0.0925082
0.0925106
0.0925109
0.0925121
0.0925108
0.092511
0.0925076
0.0925071
0.0925015
0.0925006
0.0924923
0.0924914
0.0924802
0.0924795
0.0924653
0.0924646
0.0924479
0.0924463
0.0924286
0.0924236
0.092409
0.0923924
0.0933856
0.0933913
0.093393
0.0933956
0.0933965
0.0933982
0.0933977
0.0933988
0.0933966
0.0933973
0.0933932
0.0933937
0.0933874
0.0933882
0.0933793
0.0933805
0.0933691
0.0933708
0.0933569
0.0933584
0.0933436
0.0933428
0.09333
0.0933203
0.0942155
0.094221
0.0942229
0.0942258
0.0942271
0.0942295
0.0942298
0.0942318
0.0942308
0.0942327
0.0942302
0.0942323
0.0942278
0.0942305
0.0942239
0.0942275
0.0942184
0.094223
0.0942119
0.0942167
0.0942045
0.0942078
0.0941974
0.0941943
0.0950405
0.0950459
0.0950479
0.095051
0.0950528
0.0950556
0.0950567
0.0950593
0.0950595
0.0950623
0.0950612
0.0950644
0.0950617
0.0950659
0.0950612
0.0950666
0.0950599
0.0950666
0.0950578
0.0950654
0.0950557
0.0950624
0.0950541
0.0950565
0.0958081
0.0958133
0.0958154
0.0958187
0.0958209
0.0958242
0.0958259
0.0958294
0.0958304
0.0958343
0.0958344
0.095839
0.0958379
0.0958437
0.095841
0.0958482
0.0958436
0.0958526
0.0958463
0.0958567
0.0958493
0.0958597
0.0958535
0.0958609
0.0965728
0.0965777
0.09658
0.0965835
0.096586
0.0965896
0.096592
0.096596
0.096598
0.0966026
0.096604
0.0966096
0.0966099
0.0966169
0.0966159
0.0966247
0.0966221
0.096633
0.0966287
0.0966414
0.0966363
0.0966497
0.0966454
0.0966572
0.0972801
0.0972848
0.0972872
0.0972907
0.0972936
0.0972976
0.0973005
0.0973051
0.0973078
0.0973134
0.0973156
0.0973224
0.097324
0.0973323
0.0973328
0.0973432
0.0973423
0.0973551
0.0973527
0.0973678
0.0973644
0.097381
0.097378
0.0973942
0.0979848
0.0979894
0.0979918
0.0979955
0.0979986
0.0980029
0.0980063
0.0980114
0.0980148
0.098021
0.0980243
0.0980319
0.0980346
0.0980441
0.0980458
0.0980577
0.0980582
0.0980726
0.0980719
0.098089
0.0980873
0.0981065
0.0981048
0.0981247
0.0986345
0.0986388
0.0986413
0.098645
0.0986484
0.0986529
0.0986567
0.0986623
0.0986663
0.0986732
0.0986772
0.0986857
0.0986894
0.0986999
0.0987029
0.098716
0.0987179
0.0987339
0.0987345
0.0987536
0.098753
0.0987748
0.098774
0.0987974
0.099281
0.0992851
0.0992877
0.0992915
0.099295
0.0992998
0.0993039
0.0993099
0.0993145
0.0993219
0.0993267
0.0993359
0.0993405
0.0993519
0.0993559
0.0993701
0.0993732
0.0993905
0.0993924
0.0994131
0.0994138
0.0994377
0.0994379
0.0994642
0.0998759
0.0998798
0.0998823
0.0998862
0.0998898
0.0998948
0.0998993
0.0999056
0.0999107
0.0999186
0.0999239
0.0999339
0.0999392
0.0999515
0.0999564
0.0999715
0.0999756
0.0999942
0.099997
0.100019
0.100021
0.100047
0.100048
0.100077
0.100467
0.10047
0.100473
0.100477
0.100481
0.100486
0.100491
0.100497
0.100503
0.100511
0.100517
0.100527
0.100533
0.100546
0.100552
0.100568
0.100573
0.100593
0.100597
0.10062
0.100623
0.10065
0.100652
0.100683
0.10101
0.101014
0.101016
0.10102
0.101024
0.101029
0.101034
0.101041
0.101047
0.101056
0.101062
0.101073
0.101079
0.101093
0.101099
0.101116
0.101122
0.101143
0.101147
0.101172
0.101175
0.101204
0.101206
0.10124
0.101549
0.101552
0.101555
0.101558
0.101562
0.101568
0.101573
0.10158
0.101586
0.101595
0.101602
0.101614
0.101621
0.101635
0.101642
0.101659
0.101666
0.101687
0.101692
0.101718
0.101722
0.101753
0.101755
0.101791
0.102044
0.102047
0.102049
0.102053
0.102057
0.102063
0.102068
0.102075
0.102082
0.102091
0.102098
0.10211
0.102117
0.102132
0.10214
0.102158
0.102165
0.102187
0.102193
0.10222
0.102224
0.102256
0.102258
0.102295
0.102533
0.102536
0.102539
0.102543
0.102547
0.102552
0.102558
0.102565
0.102572
0.102582
0.102589
0.102601
0.102609
0.102624
0.102632
0.102651
0.102658
0.102681
0.102687
0.102715
0.10272
0.102753
0.102755
0.102794
0.102983
0.102986
0.102989
0.102992
0.102996
0.103002
0.103008
0.103015
0.103022
0.103032
0.103039
0.103052
0.10306
0.103076
0.103084
0.103103
0.103111
0.103134
0.103141
0.103169
0.103175
0.103208
0.103212
0.103251
0.103428
0.10343
0.103433
0.103436
0.10344
0.103446
0.103452
0.10346
0.103466
0.103477
0.103484
0.103497
0.103505
0.103522
0.10353
0.10355
0.103558
0.103582
0.103589
0.103618
0.103623
0.103658
0.103661
0.103702
0.103835
0.103838
0.10384
0.103844
0.103848
0.103854
0.103859
0.103868
0.103874
0.103885
0.103892
0.103906
0.103914
0.10393
0.103939
0.103959
0.103967
0.103992
0.103999
0.104029
0.104035
0.10407
0.104073
0.104115
0.104239
0.104241
0.104244
0.104248
0.104252
0.104258
0.104263
0.104271
0.104278
0.104289
0.104296
0.10431
0.104318
0.104335
0.104344
0.104364
0.104373
0.104397
0.104405
0.104435
0.104441
0.104477
0.104481
0.104523
0.104607
0.104609
0.104612
0.104616
0.104619
0.104626
0.104631
0.104639
0.104646
0.104657
0.104664
0.104678
0.104686
0.104704
0.104712
0.104733
0.104742
0.104767
0.104774
0.104805
0.104811
0.104847
0.104851
0.104894
0.104971
0.104973
0.104975
0.104979
0.104983
0.104989
0.104994
0.105003
0.105009
0.105021
0.105028
0.105043
0.10505
0.105068
0.105076
0.105098
0.105106
0.105132
0.105139
0.10517
0.105176
0.105213
0.105217
0.10526
0.105307
0.105308
0.105311
0.105314
0.105318
0.105324
0.105329
0.105338
0.105345
0.105356
0.105363
0.105378
0.105386
0.105404
0.105412
0.105434
0.105442
0.105468
0.105475
0.105506
0.105512
0.105549
0.105553
0.105596
0.105637
0.105639
0.105641
0.105645
0.105649
0.105655
0.10566
0.105669
0.105675
0.105687
0.105694
0.105708
0.105716
0.105734
0.105742
0.105765
0.105772
0.105799
0.105806
0.105837
0.105843
0.10588
0.105884
0.105927
0.10593
0.105932
0.105934
0.105938
0.105942
0.105948
0.105953
0.105962
0.105968
0.10598
0.105986
0.106001
0.106009
0.106028
0.106035
0.106058
0.106065
0.106092
0.106099
0.106131
0.106136
0.106173
0.106177
0.10622
0.106242
0.106243
0.106245
0.106249
0.106253
0.106259
0.106264
0.106273
0.106279
0.106291
0.106297
0.106313
0.10632
0.106339
0.106346
0.106369
0.106376
0.106403
0.10641
0.106442
0.106447
0.106485
0.106488
0.106532
0.106497
0.106498
0.1065
0.106504
0.106507
0.106514
0.106518
0.106527
0.106533
0.106545
0.106552
0.106567
0.106574
0.106594
0.106601
0.106624
0.106631
0.106658
0.106664
0.106697
0.106702
0.106739
0.106743
0.106786
0.106781
0.106783
0.106785
0.106788
0.106792
0.106798
0.106803
0.106812
0.106818
0.10683
0.106836
0.106852
0.106859
0.106878
0.106885
0.106908
0.106915
0.106942
0.106948
0.106981
0.106986
0.107023
0.107027
0.10707
0.10701
0.107011
0.107013
0.107017
0.10702
0.107026
0.107031
0.10704
0.107046
0.107058
0.107064
0.10708
0.107087
0.107106
0.107113
0.107136
0.107143
0.10717
0.107176
0.107209
0.107214
0.107251
0.107254
0.107298
0.107265
0.107267
0.107269
0.107272
0.107275
0.107282
0.107286
0.107295
0.107301
0.107313
0.107319
0.107335
0.107342
0.107361
0.107368
0.107391
0.107397
0.107425
0.107431
0.107463
0.107468
0.107506
0.107509
0.107552
0.107471
0.107472
0.107474
0.107478
0.107481
0.107487
0.107492
0.107501
0.107507
0.107519
0.107525
0.107541
0.107547
0.107567
0.107573
0.107597
0.107603
0.107631
0.107636
0.107669
0.107674
0.107711
0.107714
0.107757
0.107701
0.107702
0.107704
0.107708
0.107711
0.107717
0.107722
0.107731
0.107736
0.107748
0.107755
0.10777
0.107777
0.107796
0.107802
0.107826
0.107832
0.10786
0.107865
0.107898
0.107902
0.10794
0.107942
0.107986
0.107886
0.107887
0.107889
0.107892
0.107896
0.107902
0.107906
0.107915
0.107921
0.107933
0.107939
0.107955
0.107961
0.107981
0.107987
0.108011
0.108016
0.108045
0.108049
0.108082
0.108086
0.108124
0.108126
0.108169
0.108089
0.10809
0.108092
0.108095
0.108099
0.108105
0.10811
0.108118
0.108124
0.108136
0.108142
0.108158
0.108164
0.108184
0.10819
0.108213
0.108219
0.108247
0.108252
0.108285
0.108288
0.108326
0.108328
0.108371
0.10826
0.108262
0.108263
0.108267
0.10827
0.108276
0.108281
0.108289
0.108295
0.108307
0.108313
0.108329
0.108335
0.108354
0.108361
0.108384
0.10839
0.108418
0.108423
0.108456
0.108459
0.108497
0.108499
0.108541
0.108437
0.108438
0.10844
0.108443
0.108446
0.108452
0.108457
0.108465
0.108472
0.108483
0.10849
0.108505
0.108511
0.10853
0.108537
0.10856
0.108566
0.108594
0.108598
0.108631
0.108635
0.108672
0.108674
0.108716
0.108595
0.108596
0.108598
0.108601
0.108604
0.10861
0.108615
0.108623
0.10863
0.10864
0.108648
0.108662
0.10867
0.108688
0.108695
0.108718
0.108724
0.108751
0.108756
0.108789
0.108792
0.108829
0.108831
0.108873
0.108749
0.10875
0.108752
0.108755
0.108759
0.108764
0.10877
0.108777
0.108784
0.108795
0.108802
0.108816
0.108824
0.108842
0.108849
0.108871
0.108878
0.108905
0.108911
0.108942
0.108946
0.108983
0.108985
0.109027
0.108892
0.108893
0.108895
0.108898
0.108902
0.108907
0.108913
0.10892
0.108927
0.108937
0.108946
0.108959
0.108967
0.108984
0.108993
0.109014
0.109022
0.109048
0.109054
0.109085
0.109089
0.109126
0.109128
0.109169
0.109029
0.10903
0.109032
0.109035
0.109039
0.109044
0.109049
0.109057
0.109064
0.109074
0.109082
0.109095
0.109104
0.109121
0.10913
0.10915
0.109159
0.109184
0.109191
0.109221
0.109227
0.109262
0.109265
0.109306
0.109158
0.109158
0.10916
0.109163
0.109167
0.109172
0.109178
0.109185
0.109193
0.109202
0.109211
0.109223
0.109233
0.109249
0.109259
0.109278
0.109288
0.109311
0.10932
0.109349
0.109355
0.10939
0.109393
0.109434
0.109279
0.10928
0.109282
0.109285
0.109289
0.109294
0.1093
0.109307
0.109314
0.109324
0.109333
0.109345
0.109355
0.10937
0.10938
0.109399
0.10941
0.109432
0.109442
0.10947
0.109477
0.109511
0.109515
0.109555
0.109394
0.109395
0.109397
0.1094
0.109404
0.109409
0.109414
0.109421
0.109429
0.109438
0.109447
0.109459
0.10947
0.109484
0.109495
0.109513
0.109524
0.109546
0.109557
0.109584
0.109592
0.109625
0.10963
0.109669
0.109503
0.109504
0.109506
0.109509
0.109512
0.109517
0.109523
0.10953
0.109538
0.109547
0.109556
0.109568
0.109578
0.109592
0.109604
0.109621
0.109633
0.109654
0.109665
0.109691
0.1097
0.109732
0.109738
0.109777
0.109606
0.109607
0.109609
0.109612
0.109615
0.10962
0.109626
0.109633
0.10964
0.109649
0.109659
0.10967
0.109681
0.109695
0.109706
0.109723
0.109735
0.109756
0.109768
0.109793
0.109802
0.109834
0.109839
0.109878
0.109704
0.109705
0.109706
0.109709
0.109713
0.109718
0.109723
0.10973
0.109738
0.109747
0.109756
0.109767
0.109778
0.109791
0.109803
0.10982
0.109832
0.109852
0.109864
0.109889
0.109898
0.109929
0.109935
0.109973
0.109796
0.109797
0.109799
0.109802
0.109806
0.10981
0.109816
0.109823
0.10983
0.109839
0.109848
0.109859
0.109869
0.109883
0.109894
0.109911
0.109923
0.109943
0.109954
0.109979
0.109988
0.110019
0.110025
0.110062
0.109884
0.109885
0.109887
0.10989
0.109893
0.109898
0.109903
0.10991
0.109917
0.109926
0.109935
0.109946
0.109956
0.109969
0.10998
0.109997
0.110008
0.110028
0.110039
0.110064
0.110072
0.110103
0.110108
0.110145
0.109967
0.109968
0.10997
0.109972
0.109976
0.109981
0.109986
0.109993
0.11
0.110008
0.110017
0.110028
0.110037
0.110051
0.110061
0.110078
0.110088
0.110109
0.110117
0.110143
0.11015
0.110181
0.110185
0.110222
0.110045
0.110046
0.110048
0.11005
0.110054
0.110058
0.110064
0.11007
0.110077
0.110085
0.110093
0.110104
0.110113
0.110127
0.110136
0.110154
0.110162
0.110184
0.11019
0.110218
0.110221
0.110254
0.110256
0.110292
0.110118
0.110119
0.110121
0.110123
0.110127
0.110131
0.110136
0.110142
0.110149
0.110157
0.110165
0.110176
0.110184
0.110198
0.110205
0.110224
0.110229
0.110254
0.110256
0.110286
0.110287
0.11032
0.110321
0.110356
0.110185
0.110186
0.110188
0.11019
0.110193
0.110198
0.110203
0.110209
0.110215
0.110223
0.11023
0.110242
0.110248
0.110264
0.110268
0.110289
0.110291
0.110317
0.110317
0.110348
0.110347
0.11038
0.110379
0.110414
0.110246
0.110247
0.110249
0.110251
0.110254
0.110258
0.110263
0.110269
0.110274
0.110284
0.110289
0.110301
0.110306
0.110323
0.110325
0.110347
0.110347
0.110374
0.110372
0.110402
0.110401
0.110432
0.110432
0.110465
0.110302
0.110302
0.110304
0.110306
0.110309
0.110313
0.110318
0.110323
0.110329
0.110337
0.110343
0.110354
0.110359
0.110374
0.110378
0.110397
0.110399
0.110422
0.110423
0.11045
0.11045
0.110479
0.110479
0.110511
0.110352
0.110353
0.110354
0.110356
0.110359
0.110363
0.110367
0.110372
0.110378
0.110385
0.110392
0.1104
0.110407
0.110419
0.110426
0.11044
0.110446
0.110464
0.110469
0.110491
0.110494
0.11052
0.110522
0.110552
0.110398
0.110399
0.1104
0.110402
0.110405
0.110408
0.110412
0.110417
0.110423
0.110429
0.110436
0.110443
0.110452
0.11046
0.110469
0.11048
0.110489
0.110502
0.110511
0.110528
0.110534
0.110557
0.11056
0.110589
0.110441
0.110442
0.110443
0.110445
0.110447
0.110451
0.110454
0.110459
0.110464
0.11047
0.110477
0.110483
0.110491
0.110499
0.110508
0.110518
0.110527
0.110539
0.110548
0.110564
0.110571
0.110593
0.110596
0.110625
0.110481
0.110482
0.110483
0.110485
0.110487
0.11049
0.110494
0.110498
0.110503
0.110509
0.110514
0.110521
0.110528
0.110536
0.110544
0.110555
0.110562
0.110576
0.110582
0.1106
0.110604
0.110627
0.11063
0.110658
0.110519
0.11052
0.110521
0.110523
0.110525
0.110528
0.110531
0.110535
0.11054
0.110545
0.11055
0.110557
0.110563
0.110571
0.110578
0.110589
0.110595
0.110609
0.110614
0.110633
0.110636
0.11066
0.110662
0.11069
0.110554
0.110555
0.110556
0.110557
0.110559
0.110562
0.110565
0.110569
0.110573
0.110578
0.110583
0.110589
0.110596
0.110603
0.11061
0.110619
0.110627
0.110639
0.110645
0.110663
0.110667
0.110689
0.110692
0.110719
0.110586
0.110586
0.110587
0.110589
0.110591
0.110593
0.110596
0.1106
0.110604
0.110608
0.110613
0.110619
0.110625
0.110632
0.11064
0.110647
0.110656
0.110666
0.110674
0.110689
0.110695
0.110716
0.110719
0.110746
0.110615
0.110615
0.110616
0.110617
0.110619
0.110621
0.110624
0.110627
0.110631
0.110635
0.11064
0.110646
0.110651
0.110658
0.110665
0.110673
0.110681
0.110692
0.110699
0.110714
0.110719
0.11074
0.110743
0.110769
0.110642
0.110642
0.110643
0.110644
0.110646
0.110648
0.11065
0.110653
0.110657
0.110661
0.110665
0.110671
0.110676
0.110682
0.110689
0.110697
0.110704
0.110715
0.110721
0.110737
0.110741
0.110762
0.110764
0.110791
0.110668
0.110668
0.110669
0.11067
0.110672
0.110674
0.110676
0.110679
0.110682
0.110686
0.11069
0.110694
0.1107
0.110705
0.110712
0.110719
0.110727
0.110736
0.110743
0.110757
0.110762
0.110783
0.110784
0.110812
0.110694
0.110694
0.110694
0.110695
0.110697
0.110699
0.110701
0.110703
0.110706
0.110709
0.110713
0.110717
0.110722
0.110727
0.110734
0.11074
0.110747
0.110755
0.110764
0.110776
0.110782
0.110801
0.110803
0.11083
0.110718
0.110718
0.110719
0.110719
0.110721
0.110722
0.110724
0.110726
0.110729
0.110732
0.110735
0.110739
0.110743
0.110748
0.110753
0.110759
0.110766
0.110774
0.110782
0.110792
0.110799
0.110816
0.110819
0.110845
0.110741
0.110742
0.110742
0.110743
0.110744
0.110745
0.110746
0.110748
0.11075
0.110753
0.110756
0.110759
0.110763
0.110767
0.110771
0.110777
0.110783
0.11079
0.110797
0.110807
0.110814
0.110829
0.110834
0.110857
0.110767
0.110767
0.110767
0.110768
0.110769
0.11077
0.110771
0.110772
0.110774
0.110775
0.110778
0.11078
0.110783
0.110786
0.11079
0.110794
0.110799
0.110804
0.110811
0.110819
0.110826
0.110838
0.110844
0.110869
0.110799
0.110799
0.110799
0.110799
0.110799
0.1108
0.1108
0.110801
0.110802
0.110803
0.110804
0.110805
0.110807
0.110809
0.110811
0.110813
0.110817
0.11082
0.110824
0.110829
0.110832
0.110844
0.110849
0.110871
0.110834
0.110834
0.110834
0.110834
0.110834
0.110834
0.110834
0.110834
0.110833
0.110833
0.110833
0.110833
0.110833
0.110834
0.110834
0.110835
0.110835
0.110836
0.110837
0.110838
0.11084
0.110843
0.110845
0.110853
0.110854
0.110854
0.110854
0.110854
0.110853
0.110853
0.110853
0.110852
0.110852
0.110851
0.110851
0.11085
0.11085
0.11085
0.110849
0.110849
0.110848
0.110848
0.110848
0.110849
0.11085
0.11085
0.110851
0.110853
)
;

boundaryField
{
    asym1
    {
        type            wedge;
    }
    asym2
    {
        type            wedge;
    }
    inlet
    {
        type            calculated;
        value           nonuniform List<scalar> 
24
(
0.110852
0.110852
0.110852
0.110852
0.110852
0.110852
0.110851
0.110851
0.110851
0.110851
0.110851
0.110851
0.110851
0.110851
0.110851
0.110852
0.110852
0.110853
0.110853
0.110855
0.110856
0.110858
0.110859
0.110865
)
;
    }
    nozzle
    {
        type            calculated;
        value           nonuniform List<scalar> 
174
(
0.110853
0.110853
0.110871
0.110869
0.110857
0.110845
0.11083
0.110812
0.110791
0.110769
0.110746
0.110719
0.11069
0.110658
0.110625
0.110589
0.110552
0.110511
0.110465
0.110414
0.110356
0.110292
0.110222
0.110145
0.110062
0.109973
0.109878
0.109777
0.109669
0.109555
0.109434
0.109306
0.109169
0.109027
0.108873
0.108716
0.108541
0.108371
0.108169
0.107986
0.107757
0.107552
0.107298
0.10707
0.106786
0.106532
0.10622
0.105927
0.105596
0.10526
0.104894
0.104523
0.104115
0.103702
0.103251
0.102794
0.102295
0.101791
0.10124
0.100683
0.100077
0.0994642
0.0987974
0.0981247
0.0973942
0.0966572
0.0958609
0.0950565
0.0941943
0.0933203
0.0923924
0.0914479
0.0904556
0.0894423
0.0883875
0.08731
0.0861984
0.0850654
0.0839057
0.0827289
0.0815343
0.0803308
0.0791219
0.077917
0.0767243
0.0755392
0.0744705
0.0735103
0.0726187
0.0717482
0.0708983
0.0700384
0.0691886
0.0683162
0.0674467
0.0665643
0.0657085
0.0648521
0.0640114
0.0631763
0.0623493
0.0615372
0.0607273
0.0599379
0.0591506
0.0583829
0.0576232
0.0568782
0.0561486
0.0554298
0.0547307
0.0540425
0.053374
0.0527192
0.0520832
0.0514622
0.0508616
0.0502748
0.0497113
0.0491601
0.048634
0.0481203
0.0476323
0.047157
0.0467079
0.0462735
0.0458596
0.0454648
0.0450941
0.0447413
0.0444049
0.0441033
0.0438113
0.0435437
0.0432972
0.0430719
0.0428688
0.0426865
0.0425267
0.0423881
0.0422719
0.0421774
0.0421046
0.0420529
0.0420216
0.0420104
0.0420183
0.0420444
0.042088
0.042148
0.042223
0.0423114
0.0424114
0.0425211
0.042639
0.042763
0.0428907
0.0430204
0.0431506
0.0432767
0.0433992
0.0435165
0.0436209
0.0437167
0.0438025
0.0438627
0.0439143
0.0439449
0.0439439
0.0439245
0.0438479
0.0437833
0.0435477
0.0439307
)
;
    }
    outlet
    {
        type            calculated;
        value           nonuniform List<scalar> 
24
(
0.0423411
0.0423416
0.0423436
0.042347
0.0423516
0.042357
0.0423639
0.0423714
0.0423808
0.0423904
0.0424023
0.0424141
0.0424283
0.042443
0.0424584
0.0424777
0.0424924
0.0425178
0.0425311
0.0425634
0.0425738
0.0426135
0.0426188
0.042664
)
;
    }
}


// ************************************************************************* //
