/*--------------------------------*- C++ -*----------------------------------*\
  =========                 |
  \\      /  F ield         | OpenFOAM: The Open Source CFD Toolbox
   \\    /   O peration     | Website:  https://openfoam.org
    \\  /    A nd           | Version:  10
     \\/     M anipulation  |
\*---------------------------------------------------------------------------*/
FoamFile
{
    format      ascii;
    class       volScalarField;
    location    "0.02";
    object      p;
}
// * * * * * * * * * * * * * * * * * * * * * * * * * * * * * * * * * * * * * //

dimensions      [1 -1 -2 0 0 0 0];

internalField   nonuniform List<scalar> 
4176
(
3035.54
3035.6
3035.73
3035.93
3036.21
3036.53
3036.95
3037.4
3037.96
3038.54
3039.24
3039.96
3040.81
3041.68
3042.65
3043.73
3044.77
3046.13
3047.11
3048.96
3049.6
3052.11
3052.35
3055.17
3062.49
3062.55
3062.69
3062.89
3063.17
3063.5
3063.93
3064.39
3064.97
3065.56
3066.29
3067.03
3067.89
3068.79
3069.79
3070.89
3071.98
3073.33
3074.47
3076.17
3077.23
3079.55
3080.2
3083.56
3098.57
3098.63
3098.78
3098.98
3099.27
3099.61
3100.04
3100.51
3101.09
3101.7
3102.43
3103.18
3104.06
3104.96
3105.97
3107.07
3108.16
3109.53
3110.65
3112.36
3113.43
3115.74
3116.41
3119.84
3132.9
3132.97
3133.12
3133.32
3133.61
3133.95
3134.39
3134.86
3135.45
3136.05
3136.78
3137.52
3138.4
3139.3
3140.31
3141.4
3142.47
3143.87
3144.89
3146.72
3147.54
3149.95
3150.46
3153.61
3166.49
3166.56
3166.7
3166.91
3167.2
3167.54
3167.98
3168.44
3169.02
3169.62
3170.35
3171.08
3171.96
3172.84
3173.84
3174.91
3175.97
3177.34
3178.32
3180.15
3180.92
3183.28
3183.75
3186.76
3199.44
3199.51
3199.66
3199.86
3200.15
3200.48
3200.91
3201.37
3201.95
3202.53
3203.25
3203.97
3204.83
3205.7
3206.69
3207.73
3208.78
3210.1
3211.11
3212.82
3213.65
3215.93
3216.41
3219.39
3231.89
3231.96
3232.1
3232.3
3232.59
3232.91
3233.34
3233.79
3234.36
3234.93
3235.64
3236.34
3237.18
3238.03
3239
3240.01
3241.05
3242.32
3243.32
3244.98
3245.79
3248.01
3248.48
3251.39
3263.96
3264.04
3264.18
3264.38
3264.66
3264.97
3265.39
3265.83
3266.39
3266.94
3267.64
3268.32
3269.15
3269.96
3270.91
3271.89
3272.91
3274.14
3275.12
3276.73
3277.53
3279.67
3280.14
3282.95
3295.77
3295.84
3295.98
3296.18
3296.45
3296.76
3297.17
3297.59
3298.14
3298.67
3299.36
3300.01
3300.82
3301.61
3302.54
3303.48
3304.48
3305.66
3306.62
3308.17
3308.95
3311.02
3311.48
3314.2
3327.41
3327.49
3327.62
3327.81
3328.08
3328.38
3328.78
3329.19
3329.72
3330.24
3330.9
3331.53
3332.32
3333.08
3333.98
3334.88
3335.87
3336.99
3337.94
3339.42
3340.19
3342.17
3342.63
3345.25
3358.97
3359.04
3359.18
3359.36
3359.62
3359.91
3360.3
3360.69
3361.21
3361.71
3362.35
3362.96
3363.73
3364.45
3365.33
3366.19
3367.15
3368.22
3369.15
3370.56
3371.32
3373.21
3373.67
3376.18
3390.52
3390.59
3390.73
3390.9
3391.16
3391.43
3391.82
3392.19
3392.7
3393.17
3393.8
3394.37
3395.12
3395.81
3396.67
3397.49
3398.42
3399.43
3400.34
3401.68
3402.43
3404.23
3404.68
3407.09
3422.13
3422.2
3422.33
3422.5
3422.75
3423.01
3423.39
3423.74
3424.24
3424.68
3425.3
3425.84
3426.57
3427.22
3428.05
3428.83
3429.74
3430.68
3431.58
3432.84
3433.58
3435.29
3435.74
3438.04
3453.87
3453.94
3454.07
3454.23
3454.47
3454.72
3455.09
3455.41
3455.9
3456.31
3456.92
3457.42
3458.14
3458.74
3459.55
3460.29
3461.17
3462.06
3462.94
3464.12
3464.85
3466.46
3466.91
3469.1
3485.78
3485.85
3485.98
3486.13
3486.37
3486.6
3486.96
3487.26
3487.74
3488.12
3488.72
3489.18
3489.88
3490.44
3491.23
3491.91
3492.76
3493.6
3494.46
3495.56
3496.28
3497.8
3498.24
3500.32
3517.92
3517.99
3518.12
3518.26
3518.5
3518.71
3519.07
3519.34
3519.82
3520.15
3520.75
3521.15
3521.85
3522.36
3523.14
3523.76
3524.59
3525.36
3526.21
3527.23
3527.94
3529.36
3529.79
3531.75
3550.34
3550.41
3550.53
3550.67
3550.9
3551.09
3551.45
3551.68
3552.16
3552.45
3553.05
3553.4
3554.1
3554.53
3555.32
3555.87
3556.69
3557.4
3558.22
3559.16
3559.85
3561.17
3561.6
3563.45
3583.07
3583.14
3583.26
3583.39
3583.62
3583.79
3584.15
3584.34
3584.83
3585.06
3585.68
3585.95
3586.68
3587.02
3587.82
3588.28
3589.1
3589.74
3590.54
3591.39
3592.08
3593.3
3593.72
3595.45
3616.16
3616.23
3616.34
3616.46
3616.69
3616.84
3617.19
3617.36
3617.84
3618.04
3618.64
3618.87
3619.58
3619.87
3620.66
3621.05
3621.87
3622.42
3623.21
3623.98
3624.65
3625.77
3626.19
3627.8
3649.63
3649.7
3649.82
3649.93
3650.15
3650.28
3650.63
3650.77
3651.24
3651.4
3651.99
3652.18
3652.87
3653.12
3653.89
3654.21
3655.02
3655.49
3656.26
3656.95
3657.61
3658.63
3659.04
3660.53
3683.52
3683.6
3683.71
3683.81
3684.03
3684.14
3684.48
3684.6
3685.06
3685.19
3685.76
3685.91
3686.58
3686.78
3687.53
3687.79
3688.58
3688.97
3689.74
3690.34
3690.98
3691.9
3692.3
3693.68
3717.87
3717.95
3718.05
3718.15
3718.36
3718.46
3718.79
3718.89
3719.33
3719.43
3719.98
3720.09
3720.75
3720.89
3721.62
3721.82
3722.59
3722.91
3723.66
3724.17
3724.81
3725.62
3726.01
3727.27
3752.69
3752.78
3752.86
3752.97
3753.16
3753.26
3753.57
3753.65
3754.07
3754.14
3754.68
3754.75
3755.39
3755.47
3756.19
3756.33
3757.08
3757.32
3758.05
3758.47
3759.1
3759.8
3760.19
3761.32
3788.03
3788.11
3788.19
3788.31
3788.47
3788.57
3788.86
3788.92
3789.33
3789.36
3789.89
3789.91
3790.53
3790.57
3791.26
3791.34
3792.07
3792.24
3792.95
3793.28
3793.9
3794.49
3794.87
3795.88
3823.89
3823.98
3824.05
3824.16
3824.3
3824.41
3824.66
3824.72
3825.1
3825.11
3825.61
3825.6
3826.2
3826.19
3826.86
3826.88
3827.58
3827.68
3828.37
3828.61
3829.21
3829.7
3830.07
3830.96
3860.31
3860.4
3860.47
3860.58
3860.7
3860.81
3861.02
3861.09
3861.42
3861.43
3861.9
3861.85
3862.43
3862.36
3863.01
3862.97
3863.66
3863.68
3864.35
3864.5
3865.08
3865.47
3865.83
3866.58
3897.3
3897.39
3897.45
3897.56
3897.67
3897.77
3897.96
3898.02
3898.32
3898.32
3898.74
3898.68
3899.21
3899.11
3899.74
3899.63
3900.29
3900.24
3900.89
3900.96
3901.51
3901.8
3902.16
3902.78
3934.89
3934.98
3935.04
3935.14
3935.24
3935.34
3935.5
3935.56
3935.81
3935.81
3936.18
3936.11
3936.6
3936.47
3937.05
3936.9
3937.53
3937.42
3938.03
3938.03
3938.55
3938.74
3939.08
3939.59
3973.1
3973.19
3973.24
3973.34
3973.42
3973.51
3973.65
3973.7
3973.92
3973.91
3974.24
3974.16
3974.59
3974.44
3974.97
3974.79
3975.37
3975.2
3975.78
3975.7
3976.2
3976.29
3976.61
3977
4011.94
4012.03
4012.08
4012.17
4012.25
4012.33
4012.44
4012.49
4012.68
4012.66
4012.94
4012.84
4013.23
4013.06
4013.53
4013.31
4013.85
4013.63
4014.17
4014.01
4014.48
4014.48
4014.78
4015.04
4051.43
4051.52
4051.57
4051.66
4051.72
4051.79
4051.89
4051.92
4052.08
4052.04
4052.28
4052.17
4052.51
4052.32
4052.74
4052.49
4052.98
4052.7
4053.2
4052.97
4053.41
4053.32
4053.6
4053.74
4091.6
4091.69
4091.74
4091.82
4091.87
4091.93
4092.01
4092.03
4092.15
4092.11
4092.31
4092.18
4092.47
4092.26
4092.63
4092.34
4092.78
4092.46
4092.91
4092.61
4093.02
4092.83
4093.09
4093.11
4132.45
4132.54
4132.58
4132.66
4132.7
4132.75
4132.81
4132.82
4132.91
4132.85
4133.02
4132.87
4133.11
4132.87
4133.2
4132.88
4133.27
4132.89
4133.31
4132.93
4133.31
4133.02
4133.26
4133.16
4174.01
4174.1
4174.14
4174.21
4174.24
4174.28
4174.32
4174.32
4174.39
4174.31
4174.44
4174.27
4174.47
4174.21
4174.48
4174.12
4174.47
4174.04
4174.41
4173.97
4174.31
4173.93
4174.15
4173.93
4216.28
4216.37
4216.4
4216.47
4216.49
4216.52
4216.54
4216.52
4216.57
4216.48
4216.57
4216.38
4216.54
4216.25
4216.48
4216.08
4216.38
4215.9
4216.23
4215.72
4216.03
4215.55
4215.76
4215.41
4259.29
4259.38
4259.41
4259.47
4259.48
4259.51
4259.51
4259.48
4259.5
4259.39
4259.45
4259.24
4259.36
4259.04
4259.22
4258.79
4259.04
4258.51
4258.81
4258.22
4258.5
4257.93
4258.12
4257.64
4303.03
4303.13
4303.15
4303.21
4303.21
4303.22
4303.21
4303.17
4303.16
4303.04
4303.06
4302.83
4302.91
4302.56
4302.71
4302.24
4302.45
4301.87
4302.12
4301.47
4301.71
4301.05
4301.23
4300.63
4347.55
4347.65
4347.67
4347.72
4347.71
4347.71
4347.69
4347.63
4347.6
4347.46
4347.45
4347.2
4347.24
4346.87
4346.97
4346.47
4346.63
4346.01
4346.22
4345.5
4345.71
4344.96
4345.12
4344.4
4392.82
4392.92
4392.94
4392.98
4392.97
4392.96
4392.92
4392.85
4392.8
4392.64
4392.6
4392.33
4392.34
4391.94
4392
4391.46
4391.58
4390.91
4391.08
4390.3
4390.48
4389.64
4389.78
4388.96
4438.9
4439
4439.01
4439.05
4439.03
4439.01
4438.96
4438.87
4438.8
4438.63
4438.56
4438.27
4438.24
4437.81
4437.83
4437.26
4437.34
4436.62
4436.76
4435.91
4436.06
4435.14
4435.26
4434.33
4485.74
4485.84
4485.86
4485.89
4485.87
4485.84
4485.77
4485.67
4485.58
4485.38
4485.29
4484.98
4484.91
4484.47
4484.44
4483.84
4483.88
4483.12
4483.21
4482.31
4482.43
4481.43
4481.53
4480.49
4533.42
4533.53
4533.54
4533.57
4533.54
4533.5
4533.42
4533.31
4533.19
4532.99
4532.86
4532.54
4532.43
4531.96
4531.9
4531.27
4531.26
4530.46
4530.52
4529.55
4529.65
4528.56
4528.65
4527.5
4581.88
4581.99
4582
4582.02
4581.98
4581.94
4581.84
4581.72
4581.59
4581.36
4581.22
4580.87
4580.73
4580.24
4580.14
4579.48
4579.43
4578.59
4578.6
4577.59
4577.64
4576.49
4576.55
4575.3
4631.21
4631.32
4631.33
4631.35
4631.31
4631.25
4631.15
4631.01
4630.86
4630.62
4630.45
4630.09
4629.91
4629.4
4629.26
4628.58
4628.48
4627.61
4627.58
4626.52
4626.54
4625.31
4625.35
4624
4681.32
4681.44
4681.44
4681.46
4681.41
4681.35
4681.23
4681.08
4680.91
4680.66
4680.46
4680.08
4679.88
4679.35
4679.17
4678.46
4678.33
4677.42
4677.35
4676.24
4676.23
4674.94
4674.96
4673.51
4732.33
4732.45
4732.45
4732.47
4732.41
4732.34
4732.22
4732.05
4731.87
4731.6
4731.38
4730.99
4730.76
4730.2
4729.99
4729.26
4729.09
4728.15
4728.04
4726.89
4726.84
4725.49
4725.49
4723.95
4784.14
4784.25
4784.26
4784.27
4784.21
4784.13
4784
4783.83
4783.63
4783.35
4783.1
4782.69
4782.44
4781.87
4781.62
4780.86
4780.66
4779.68
4779.55
4778.34
4778.27
4776.86
4776.84
4775.22
4836.84
4836.96
4836.96
4836.98
4836.91
4836.82
4836.68
4836.5
4836.28
4835.99
4835.73
4835.31
4835.02
4834.43
4834.16
4833.38
4833.14
4832.14
4831.96
4830.72
4830.62
4829.15
4829.12
4827.42
4890.36
4890.49
4890.49
4890.5
4890.43
4890.34
4890.19
4890
4889.77
4889.47
4889.19
4888.75
4888.44
4887.84
4887.53
4886.73
4886.46
4885.43
4885.22
4883.95
4883.82
4882.29
4882.24
4880.46
4944.78
4944.9
4944.9
4944.92
4944.84
4944.74
4944.58
4944.39
4944.15
4943.84
4943.54
4943.09
4942.75
4942.14
4941.8
4940.99
4940.68
4939.63
4939.39
4938.08
4937.93
4936.34
4936.28
4934.43
5000.04
5000.17
5000.17
5000.18
5000.1
5000
4999.83
4999.63
4999.38
4999.06
4998.74
4998.28
4997.92
4997.3
4996.93
4996.11
4995.77
4994.7
4994.42
4993.09
4992.91
4991.28
4991.2
4989.28
5056.18
5056.31
5056.31
5056.32
5056.24
5056.14
5055.97
5055.75
5055.49
5055.16
5054.83
5054.37
5053.99
5053.35
5052.96
5052.12
5051.75
5050.67
5050.36
5049
5048.78
5047.13
5047.02
5045.05
5113.18
5113.32
5113.32
5113.33
5113.24
5113.14
5112.96
5112.74
5112.48
5112.14
5111.79
5111.32
5110.92
5110.28
5109.86
5109.01
5108.61
5107.52
5107.18
5105.8
5105.56
5103.86
5103.74
5101.71
5171.06
5171.2
5171.2
5171.21
5171.12
5171.01
5170.83
5170.61
5170.34
5169.99
5169.64
5169.16
5168.74
5168.09
5167.65
5166.8
5166.37
5165.27
5164.9
5163.5
5163.23
5161.51
5161.37
5159.29
5229.8
5229.94
5229.95
5229.96
5229.87
5229.76
5229.58
5229.35
5229.07
5228.72
5228.36
5227.87
5227.44
5226.79
5226.32
5225.46
5225.01
5223.9
5223.5
5222.1
5221.81
5220.05
5219.9
5217.78
5289.41
5289.55
5289.56
5289.57
5289.49
5289.38
5289.19
5288.96
5288.68
5288.32
5287.95
5287.46
5287.01
5286.36
5285.88
5285.02
5284.54
5283.43
5283
5281.59
5281.27
5279.5
5279.33
5277.18
5349.88
5350.03
5350.04
5350.05
5349.97
5349.85
5349.67
5349.44
5349.15
5348.8
5348.41
5347.92
5347.46
5346.81
5346.31
5345.45
5344.95
5343.84
5343.39
5341.97
5341.63
5339.85
5339.67
5337.48
5411.21
5411.36
5411.37
5411.39
5411.3
5411.19
5411.01
5410.78
5410.49
5410.13
5409.75
5409.25
5408.79
5408.13
5407.62
5406.76
5406.24
5405.13
5404.66
5403.25
5402.88
5401.1
5400.9
5398.69
5473.38
5473.55
5473.56
5473.58
5473.5
5473.39
5473.2
5472.97
5472.68
5472.33
5471.94
5471.45
5470.97
5470.32
5469.8
5468.94
5468.41
5467.31
5466.82
5465.4
5465.03
5463.23
5463.02
5460.79
5536.41
5536.57
5536.59
5536.61
5536.53
5536.43
5536.25
5536.02
5535.73
5535.37
5534.98
5534.49
5534.02
5533.37
5532.83
5531.99
5531.44
5530.35
5529.84
5528.43
5528.04
5526.25
5526.03
5523.79
5600.26
5600.44
5600.46
5600.48
5600.41
5600.31
5600.13
5599.9
5599.61
5599.26
5598.87
5598.39
5597.91
5597.27
5596.73
5595.89
5595.33
5594.25
5593.73
5592.34
5591.93
5590.14
5589.92
5587.68
5664.94
5665.12
5665.15
5665.18
5665.11
5665.01
5664.84
5664.61
5664.33
5663.99
5663.6
5663.12
5662.64
5662.01
5661.46
5660.64
5660.07
5659
5658.47
5657.09
5656.67
5654.9
5654.67
5652.43
5730.44
5730.62
5730.65
5730.69
5730.62
5730.53
5730.36
5730.14
5729.87
5729.53
5729.14
5728.67
5728.2
5727.57
5727.03
5726.22
5725.65
5724.6
5724.06
5722.7
5722.27
5720.52
5720.27
5718.06
5796.73
5796.92
5796.95
5796.99
5796.94
5796.85
5796.69
5796.48
5796.21
5795.88
5795.5
5795.04
5794.57
5793.96
5793.41
5792.62
5792.05
5791.02
5790.47
5789.14
5788.7
5786.97
5786.72
5784.53
5863.8
5864
5864.04
5864.09
5864.03
5863.96
5863.8
5863.6
5863.34
5863.01
5862.65
5862.2
5861.73
5861.14
5860.6
5859.82
5859.25
5858.25
5857.7
5856.39
5855.95
5854.25
5854
5851.83
5931.64
5931.85
5931.89
5931.95
5931.9
5931.83
5931.68
5931.49
5931.24
5930.93
5930.57
5930.13
5929.68
5929.1
5928.57
5927.82
5927.25
5926.27
5925.72
5924.45
5924.01
5922.34
5922.08
5919.95
6000.23
6000.44
6000.49
6000.56
6000.52
6000.46
6000.32
6000.14
5999.9
5999.6
5999.25
5998.83
5998.39
5997.83
5997.31
5996.58
5996.01
5995.07
5994.52
5993.29
5992.84
5991.22
5990.96
5988.87
6069.55
6069.77
6069.82
6069.9
6069.87
6069.82
6069.69
6069.52
6069.29
6069.01
6068.67
6068.27
6067.84
6067.3
6066.79
6066.09
6065.54
6064.62
6064.08
6062.89
6062.44
6060.87
6060.61
6058.58
6139.57
6139.8
6139.86
6139.95
6139.93
6139.89
6139.77
6139.62
6139.4
6139.13
6138.81
6138.43
6138.01
6137.49
6137
6136.33
6135.79
6134.91
6134.38
6133.23
6132.79
6131.27
6131.01
6129.03
6210.28
6210.52
6210.59
6210.68
6210.67
6210.64
6210.54
6210.4
6210.2
6209.95
6209.64
6209.28
6208.88
6208.39
6207.91
6207.27
6206.75
6205.91
6205.39
6204.29
6203.85
6202.39
6202.13
6200.22
6281.66
6281.91
6281.98
6282.08
6282.08
6282.07
6281.98
6281.85
6281.67
6281.43
6281.15
6280.81
6280.43
6279.96
6279.51
6278.9
6278.39
6277.6
6277.09
6276.04
6275.61
6274.21
6273.96
6272.12
6353.67
6353.93
6354.01
6354.12
6354.13
6354.13
6354.06
6353.95
6353.78
6353.56
6353.3
6352.98
6352.62
6352.19
6351.75
6351.18
6350.69
6349.94
6349.45
6348.45
6348.04
6346.7
6346.46
6344.7
6426.29
6426.56
6426.65
6426.77
6426.8
6426.81
6426.75
6426.66
6426.51
6426.31
6426.07
6425.77
6425.44
6425.04
6424.62
6424.09
6423.62
6422.92
6422.45
6421.51
6421.11
6419.84
6419.61
6417.93
6499.5
6499.78
6499.88
6500.01
6500.05
6500.07
6500.03
6499.96
6499.82
6499.65
6499.43
6499.16
6498.85
6498.48
6498.09
6497.6
6497.16
6496.5
6496.05
6495.17
6494.8
6493.6
6493.37
6491.79
6573.27
6573.55
6573.66
6573.81
6573.86
6573.9
6573.87
6573.82
6573.71
6573.56
6573.36
6573.12
6572.83
6572.49
6572.13
6571.68
6571.26
6570.66
6570.23
6569.42
6569.06
6567.95
6567.72
6566.24
6647.57
6647.86
6647.97
6648.14
6648.2
6648.26
6648.24
6648.21
6648.12
6647.99
6647.82
6647.61
6647.35
6647.05
6646.71
6646.3
6645.91
6645.36
6644.96
6644.21
6643.87
6642.85
6642.63
6641.25
6722.36
6722.67
6722.79
6722.96
6723.04
6723.11
6723.12
6723.1
6723.04
6722.94
6722.79
6722.6
6722.38
6722.11
6721.8
6721.44
6721.07
6720.58
6720.2
6719.53
6719.2
6718.26
6718.05
6716.79
6797.63
6797.94
6798.07
6798.26
6798.35
6798.44
6798.47
6798.47
6798.43
6798.35
6798.23
6798.08
6797.88
6797.65
6797.37
6797.05
6796.72
6796.29
6795.93
6795.33
6795.01
6794.17
6793.96
6792.79
6873.34
6873.66
6873.8
6874
6874.1
6874.21
6874.25
6874.28
6874.26
6874.21
6874.11
6873.99
6873.83
6873.63
6873.39
6873.12
6872.81
6872.45
6872.1
6871.6
6871.28
6870.54
6870.33
6869.27
6949.46
6949.8
6949.93
6950.16
6950.26
6950.39
6950.45
6950.5
6950.5
6950.47
6950.41
6950.31
6950.18
6950.02
6949.82
6949.59
6949.33
6949.03
6948.71
6948.28
6948
6947.37
6947.17
6946.25
7025.96
7026.31
7026.45
7026.69
7026.8
7026.96
7027.03
7027.1
7027.12
7027.12
7027.08
7027.02
7026.92
7026.79
7026.63
7026.45
7026.21
7025.97
7025.69
7025.36
7025.09
7024.59
7024.41
7023.67
7102.81
7103.17
7103.32
7103.57
7103.7
7103.87
7103.96
7104.05
7104.09
7104.11
7104.1
7104.06
7104
7103.9
7103.77
7103.63
7103.43
7103.24
7102.99
7102.74
7102.48
7102.09
7101.93
7101.33
7179.98
7180.35
7180.51
7180.77
7180.92
7181.1
7181.21
7181.31
7181.38
7181.43
7181.44
7181.43
7181.39
7181.32
7181.23
7181.11
7180.96
7180.8
7180.59
7180.39
7180.14
7179.86
7179.68
7179.19
7257.45
7257.83
7258
7258.27
7258.44
7258.62
7258.76
7258.88
7258.97
7259.03
7259.07
7259.08
7259.07
7259.03
7258.96
7258.88
7258.75
7258.63
7258.44
7258.29
7258.05
7257.84
7257.65
7257.23
7335.19
7335.57
7335.76
7336.03
7336.22
7336.42
7336.57
7336.71
7336.82
7336.91
7336.97
7337.01
7337.02
7337.01
7336.97
7336.91
7336.81
7336.72
7336.55
7336.43
7336.2
7336.03
7335.82
7335.46
7413.16
7413.55
7413.75
7414.04
7414.24
7414.45
7414.63
7414.79
7414.92
7415.03
7415.12
7415.18
7415.22
7415.24
7415.22
7415.19
7415.11
7415.05
7414.89
7414.8
7414.58
7414.42
7414.21
7413.86
7491.33
7491.73
7491.95
7492.24
7492.46
7492.7
7492.89
7493.08
7493.24
7493.38
7493.5
7493.59
7493.67
7493.72
7493.73
7493.74
7493.68
7493.65
7493.51
7493.43
7493.21
7493.06
7492.82
7492.44
7569.66
7570.06
7570.3
7570.6
7570.85
7571.1
7571.33
7571.54
7571.74
7571.91
7572.07
7572.21
7572.32
7572.42
7572.48
7572.53
7572.52
7572.53
7572.42
7572.39
7572.17
7572.04
7571.76
7571.32
7648.09
7648.5
7648.75
7649.08
7649.34
7649.63
7649.88
7650.13
7650.36
7650.59
7650.79
7650.98
7651.15
7651.31
7651.44
7651.56
7651.6
7651.72
7651.64
7651.73
7651.53
7651.52
7651.25
7650.9
7726.55
7727
7727.22
7727.61
7727.87
7728.21
7728.49
7728.78
7729.06
7729.34
7729.6
7729.85
7730.09
7730.33
7730.51
7730.79
7730.81
7731.21
7731.01
7731.48
7731.16
7731.56
7731.26
7731.35
7804.99
7805.45
7805.68
7806.1
7806.38
7806.75
7807.08
7807.41
7807.75
7808.08
7808.41
7808.73
7809.05
7809.37
7809.67
7810.01
7810.18
7810.67
7810.62
7811.26
7811.05
7811.71
7811.48
7811.96
7883.31
7883.78
7884.04
7884.46
7884.79
7885.18
7885.56
7885.94
7886.33
7886.73
7887.13
7887.53
7887.94
7888.35
7888.76
7889.19
7889.52
7890.09
7890.23
7891
7890.94
7891.84
7891.71
7892.55
7961.44
7961.91
7962.2
7962.63
7963
7963.43
7963.85
7964.28
7964.73
7965.19
7965.67
7966.15
7966.65
7967.16
7967.67
7968.21
7968.68
7969.38
7969.66
7970.6
7970.68
7971.82
7971.77
7972.99
8039.29
8039.77
8040.07
8040.53
8040.93
8041.39
8041.85
8042.34
8042.85
8043.38
8043.93
8044.5
8045.08
8045.69
8046.31
8046.96
8047.57
8048.39
8048.82
8049.93
8050.13
8051.53
8051.55
8053.13
8116.78
8117.26
8117.58
8118.06
8118.49
8118.98
8119.49
8120.03
8120.6
8121.2
8121.82
8122.47
8123.14
8123.85
8124.58
8125.34
8126.07
8127.03
8127.6
8128.88
8129.2
8130.84
8130.93
8132.85
8193.82
8194.3
8194.64
8195.14
8195.6
8196.13
8196.68
8197.27
8197.9
8198.55
8199.25
8199.98
8200.74
8201.54
8202.38
8203.25
8204.11
8205.19
8205.89
8207.34
8207.77
8209.64
8209.81
8212.06
8270.34
8270.83
8271.18
8271.69
8272.18
8272.74
8273.34
8273.98
8274.66
8275.38
8276.14
8276.95
8277.79
8278.69
8279.62
8280.6
8281.57
8282.78
8283.6
8285.21
8285.75
8287.85
8288.08
8290.65
8346.26
8346.76
8347.12
8347.65
8348.17
8348.76
8349.39
8350.07
8350.81
8351.59
8352.41
8353.29
8354.22
8355.2
8356.23
8357.31
8358.4
8359.72
8360.66
8362.42
8363.07
8365.38
8365.67
8368.54
8421.52
8422.02
8422.4
8422.94
8423.48
8424.1
8424.77
8425.5
8426.28
8427.11
8428
8428.95
8429.95
8431.01
8432.13
8433.31
8434.5
8435.93
8436.99
8438.89
8439.63
8442.14
8442.49
8445.64
8496.06
8496.56
8496.95
8497.5
8498.07
8498.71
8499.41
8500.18
8501
8501.89
8502.84
8503.85
8504.92
8506.06
8507.26
8508.53
8509.82
8511.35
8512.51
8514.55
8515.38
8518.07
8518.48
8521.89
8569.82
8570.32
8570.71
8571.28
8571.86
8572.53
8573.26
8574.06
8574.93
8575.86
8576.86
8577.93
8579.07
8580.28
8581.55
8582.9
8584.29
8585.91
8587.17
8589.33
8590.25
8593.11
8593.58
8597.22
8642.74
8643.23
8643.64
8644.21
8644.81
8645.5
8646.26
8647.09
8647.99
8648.97
8650.02
8651.14
8652.34
8653.61
8654.96
8656.38
8657.86
8659.56
8660.92
8663.18
8664.18
8667.19
8667.71
8671.57
8714.77
8715.26
8715.67
8716.25
8716.86
8717.57
8718.35
8719.21
8720.15
8721.16
8722.25
8723.43
8724.68
8726.01
8727.42
8728.91
8730.46
8732.24
8733.69
8736.04
8737.13
8740.27
8740.84
8744.89
8785.86
8786.34
8786.76
8787.34
8787.97
8788.69
8789.49
8790.38
8791.34
8792.39
8793.52
8794.74
8796.03
8797.42
8798.89
8800.44
8802.06
8803.9
8805.43
8807.86
8809.03
8812.28
8812.9
8817.13
8855.96
8856.43
8856.85
8857.44
8858.08
8858.81
8859.63
8860.53
8861.52
8862.6
8863.77
8865.02
8866.36
8867.79
8869.31
8870.92
8872.6
8874.5
8876.1
8878.6
8879.83
8883.19
8883.85
8888.23
8925.01
8925.48
8925.9
8926.49
8927.14
8927.88
8928.71
8929.63
8930.65
8931.75
8932.94
8934.23
8935.6
8937.07
8938.63
8940.29
8942.02
8943.97
8945.64
8948.19
8949.49
8952.93
8953.63
8958.14
8992.98
8993.44
8993.85
8994.44
8995.09
8995.84
8996.69
8997.62
8998.65
8999.77
9000.99
9002.3
9003.71
9005.21
9006.81
9008.5
9010.28
9012.26
9013.99
9016.59
9017.95
9021.45
9022.19
9026.8
9059.78
9060.23
9060.65
9061.23
9061.89
9062.64
9063.49
9064.44
9065.48
9066.62
9067.85
9069.18
9070.61
9072.14
9073.77
9075.49
9077.31
9079.32
9081.1
9083.72
9085.14
9088.69
9089.47
9094.16
9125.37
9125.8
9126.22
9126.8
9127.45
9128.21
9129.06
9130.01
9131.06
9132.21
9133.46
9134.81
9136.25
9137.8
9139.45
9141.2
9143.04
9145.07
9146.9
9149.53
9151
9154.57
9155.4
9160.15
9189.65
9190.07
9190.48
9191.06
9191.71
9192.46
9193.32
9194.27
9195.33
9196.48
9197.73
9199.09
9200.55
9202.11
9203.77
9205.53
9207.4
9209.43
9211.3
9213.93
9215.45
9219.02
9219.89
9224.67
9252.55
9252.96
9253.36
9253.92
9254.57
9255.32
9256.17
9257.12
9258.17
9259.33
9260.59
9261.95
9263.41
9264.97
9266.64
9268.41
9270.28
9272.31
9274.21
9276.83
9278.39
9281.94
9282.84
9287.63
9313.95
9314.35
9314.74
9315.29
9315.93
9316.67
9317.51
9318.46
9319.51
9320.66
9321.91
9323.26
9324.72
9326.28
9327.95
9329.72
9331.59
9333.61
9335.53
9338.11
9339.71
9343.23
9344.16
9348.92
9373.74
9374.12
9374.51
9375.04
9375.67
9376.4
9377.23
9378.16
9379.2
9380.34
9381.58
9382.92
9384.37
9385.92
9387.57
9389.33
9391.19
9393.19
9395.12
9397.66
9399.28
9402.74
9403.71
9408.41
9431.78
9432.13
9432.51
9433.03
9433.64
9434.35
9435.17
9436.09
9437.11
9438.23
9439.45
9440.78
9442.2
9443.73
9445.37
9447.11
9448.95
9450.91
9452.83
9455.32
9456.95
9460.33
9461.33
9465.95
9487.89
9488.23
9488.59
9489.09
9489.68
9490.38
9491.17
9492.07
9493.07
9494.16
9495.36
9496.66
9498.06
9499.56
9501.16
9502.87
9504.68
9506.6
9508.5
9510.92
9512.56
9515.83
9516.85
9521.35
9541.9
9542.21
9542.56
9543.04
9543.61
9544.28
9545.05
9545.92
9546.89
9547.95
9549.12
9550.38
9551.75
9553.21
9554.77
9556.43
9558.19
9560.06
9561.93
9564.26
9565.89
9569.04
9570.07
9574.43
9593.59
9593.88
9594.21
9594.67
9595.21
9595.85
9596.59
9597.43
9598.36
9599.39
9600.51
9601.73
9603.05
9604.46
9605.97
9607.58
9609.28
9611.09
9612.9
9615.13
9616.74
9619.74
9620.78
9624.95
9642.73
9643
9643.31
9643.74
9644.26
9644.87
9645.57
9646.37
9647.26
9648.24
9649.31
9650.48
9651.74
9653.09
9654.54
9656.08
9657.7
9659.43
9661.18
9663.29
9664.86
9667.69
9668.73
9672.69
9689.07
9689.32
9689.61
9690.01
9690.5
9691.07
9691.74
9692.49
9693.33
9694.26
9695.28
9696.38
9697.57
9698.86
9700.22
9701.68
9703.22
9704.86
9706.53
9708.5
9710.02
9712.66
9713.68
9717.4
9732.38
9732.6
9732.87
9733.24
9733.69
9734.22
9734.84
9735.55
9736.33
9737.2
9738.15
9739.18
9740.3
9741.5
9742.78
9744.15
9745.59
9747.12
9748.69
9750.52
9751.97
9754.4
9755.39
9758.83
9772.4
9772.6
9772.85
9773.18
9773.59
9774.09
9774.66
9775.3
9776.03
9776.83
9777.71
9778.66
9779.69
9780.8
9781.98
9783.24
9784.58
9785.99
9787.44
9789.12
9790.48
9792.69
9793.64
9796.77
9808.94
9809.11
9809.33
9809.63
9810.01
9810.45
9810.97
9811.56
9812.21
9812.94
9813.74
9814.61
9815.55
9816.56
9817.64
9818.78
9820
9821.28
9822.61
9824.12
9825.37
9827.35
9828.25
9831.06
9841.83
9841.98
9842.17
9842.44
9842.77
9843.17
9843.63
9844.16
9844.74
9845.4
9846.11
9846.89
9847.73
9848.64
9849.6
9850.63
9851.72
9852.87
9854.06
9855.4
9856.54
9858.27
9859.1
9861.59
9870.99
9871.11
9871.28
9871.52
9871.8
9872.15
9872.56
9873.02
9873.54
9874.11
9874.74
9875.43
9876.17
9876.97
9877.82
9878.72
9879.68
9880.69
9881.74
9882.91
9883.92
9885.42
9886.17
9888.33
9896.4
9896.51
9896.65
9896.85
9897.1
9897.4
9897.75
9898.15
9898.59
9899.09
9899.63
9900.23
9900.87
9901.56
9902.29
9903.07
9903.9
9904.77
9905.68
9906.68
9907.57
9908.84
9909.51
9911.34
9918.16
9918.25
9918.37
9918.53
9918.74
9918.99
9919.29
9919.63
9920.01
9920.43
9920.89
9921.39
9921.94
9922.52
9923.14
9923.8
9924.5
9925.24
9926.01
9926.86
9927.61
9928.67
9929.25
9930.77
9936.43
9936.5
9936.6
9936.73
9936.91
9937.12
9937.36
9937.64
9937.96
9938.3
9938.69
9939.11
9939.56
9940.04
9940.56
9941.11
9941.69
9942.3
9942.94
9943.64
9944.27
9945.13
9945.62
9946.87
9951.47
9951.53
9951.6
9951.71
9951.85
9952.02
9952.22
9952.45
9952.7
9952.99
9953.3
9953.64
9954.01
9954.4
9954.82
9955.27
9955.74
9956.24
9956.76
9957.32
9957.83
9958.53
9958.93
9959.93
9963.6
9963.64
9963.7
9963.79
9963.9
9964.03
9964.19
9964.37
9964.58
9964.8
9965.05
9965.32
9965.62
9965.93
9966.26
9966.62
9967
9967.39
9967.8
9968.25
9968.66
9969.2
9969.53
9970.3
9973.18
9973.21
9973.25
9973.32
9973.41
9973.51
9973.63
9973.77
9973.93
9974.11
9974.3
9974.51
9974.74
9974.99
9975.25
9975.53
9975.82
9976.13
9976.44
9976.79
9977.11
9977.53
9977.79
9978.38
9980.58
9980.6
9980.64
9980.69
9980.75
9980.83
9980.93
9981.03
9981.15
9981.29
9981.44
9981.6
9981.77
9981.96
9982.16
9982.37
9982.59
9982.83
9983.07
9983.33
9983.58
9983.89
9984.09
9984.53
9986.19
9986.2
9986.23
9986.26
9986.31
9986.37
9986.44
9986.52
9986.61
9986.71
9986.82
9986.94
9987.07
9987.21
9987.36
9987.52
9987.69
9987.86
9988.04
9988.24
9988.42
9988.65
9988.8
9989.13
9990.34
9990.35
9990.37
9990.4
9990.43
9990.48
9990.53
9990.59
9990.65
9990.73
9990.81
9990.9
9990.99
9991.09
9991.2
9991.32
9991.44
9991.57
9991.7
9991.84
9991.97
9992.14
9992.25
9992.48
9993.36
9993.37
9993.38
9993.4
9993.43
9993.46
9993.49
9993.54
9993.58
9993.64
9993.7
9993.76
9993.83
9993.9
9993.98
9994.06
9994.15
9994.24
9994.33
9994.43
9994.53
9994.65
9994.73
9994.89
9995.51
9995.52
9995.53
9995.54
9995.56
9995.58
9995.61
9995.64
9995.67
9995.71
9995.75
9995.79
9995.84
9995.89
9995.95
9996
9996.07
9996.13
9996.2
9996.27
9996.33
9996.41
9996.47
9996.58
9997.02
9997.02
9997.03
9997.04
9997.05
9997.06
9997.08
9997.1
9997.12
9997.15
9997.18
9997.21
9997.24
9997.28
9997.32
9997.36
9997.4
9997.44
9997.49
9997.53
9997.58
9997.64
9997.68
9997.75
9998.05
9998.05
9998.05
9998.06
9998.07
9998.08
9998.09
9998.1
9998.12
9998.14
9998.16
9998.18
9998.2
9998.22
9998.25
9998.28
9998.31
9998.33
9998.37
9998.4
9998.43
9998.47
9998.49
9998.54
9998.74
9998.74
9998.75
9998.75
9998.76
9998.76
9998.77
9998.78
9998.79
9998.8
9998.81
9998.83
9998.84
9998.86
9998.88
9998.89
9998.91
9998.93
9998.95
9998.97
9999
9999.02
9999.04
9999.07
9999.2
9999.2
9999.2
9999.21
9999.21
9999.22
9999.22
9999.23
9999.23
9999.24
9999.25
9999.26
9999.27
9999.28
9999.29
9999.3
9999.31
9999.33
9999.34
9999.35
9999.37
9999.38
9999.39
9999.42
9999.5
9999.5
9999.5
9999.5
9999.51
9999.51
9999.51
9999.52
9999.52
9999.53
9999.53
9999.54
9999.54
9999.55
9999.56
9999.56
9999.57
9999.58
9999.59
9999.6
9999.61
9999.62
9999.62
9999.64
9999.69
9999.69
9999.69
9999.69
9999.7
9999.7
9999.7
9999.7
9999.71
9999.71
9999.71
9999.72
9999.72
9999.72
9999.73
9999.73
9999.74
9999.74
9999.75
9999.75
9999.76
9999.77
9999.77
9999.78
9999.81
9999.81
9999.81
9999.81
9999.82
9999.82
9999.82
9999.82
9999.82
9999.82
9999.82
9999.83
9999.83
9999.83
9999.84
9999.84
9999.84
9999.84
9999.85
9999.85
9999.85
9999.86
9999.86
9999.87
9999.89
9999.89
9999.89
9999.89
9999.89
9999.89
9999.89
9999.89
9999.89
9999.89
9999.9
9999.9
9999.9
9999.9
9999.9
9999.9
9999.91
9999.91
9999.91
9999.91
9999.91
9999.92
9999.92
9999.92
9999.93
9999.93
9999.93
9999.93
9999.93
9999.93
9999.94
9999.94
9999.94
9999.94
9999.94
9999.94
9999.94
9999.94
9999.94
9999.94
9999.94
9999.95
9999.95
9999.95
9999.95
9999.95
9999.95
9999.95
9999.96
9999.96
9999.96
9999.96
9999.96
9999.96
9999.96
9999.96
9999.96
9999.96
9999.96
9999.96
9999.96
9999.97
9999.97
9999.97
9999.97
9999.97
9999.97
9999.97
9999.97
9999.97
9999.97
9999.97
9999.98
9999.98
9999.98
9999.98
9999.98
9999.98
9999.98
9999.98
9999.98
9999.98
9999.98
9999.98
9999.98
9999.98
9999.98
9999.98
9999.98
9999.98
9999.98
9999.98
9999.98
9999.98
9999.98
9999.98
9999.99
9999.99
9999.99
9999.99
9999.99
9999.99
9999.99
9999.99
9999.99
9999.99
9999.99
9999.99
9999.99
9999.99
9999.99
9999.99
9999.99
9999.99
9999.99
9999.99
9999.99
9999.99
9999.99
9999.99
9999.99
9999.99
9999.99
9999.99
9999.99
9999.99
9999.99
9999.99
9999.99
9999.99
9999.99
9999.99
9999.99
9999.99
9999.99
9999.99
9999.99
9999.99
9999.99
9999.99
9999.99
9999.99
9999.99
10000
10000
10000
10000
10000
10000
10000
10000
10000
10000
10000
10000
10000
10000
10000
10000
10000
10000
10000
10000
10000
10000
10000
10000
10000
10000
10000
10000
10000
10000
10000
10000
10000
10000
10000
10000
10000
10000
10000
10000
10000
10000
10000
10000
10000
10000
10000
10000
10000
10000
10000
10000
10000
10000
10000
10000
10000
10000
10000
10000
10000
10000
10000
10000
10000
10000
10000
10000
10000
10000
10000
10000
10000
10000
10000
10000
10000
10000
10000
10000
10000
10000
10000
10000
10000
10000
10000
10000
10000
10000
10000
10000
10000
10000
10000
10000
10000
10000
10000
10000
10000
10000
10000
10000
10000
10000
10000
10000
10000
10000
10000
10000
10000
10000
10000
10000
10000
10000
10000
10000
10000
10000
10000
10000
10000
10000
10000
10000
10000
10000
10000
10000
10000
10000
10000
10000
10000
10000
10000
10000
10000
10000
10000
10000
10000
10000
10000
10000
10000
10000
10000
10000
10000
10000
10000
10000
10000
10000
10000
10000
10000
10000
10000
10000
10000
10000
10000
10000
10000
10000
10000
10000
10000
10000
10000
10000
10000
10000
10000
10000
10000
10000
10000
10000
10000
10000
10000
10000
10000
10000
10000
10000
10000
10000
10000
10000
10000
10000
10000
10000
10000
10000
10000
10000
10000
10000
10000
10000
10000
10000
10000
10000
10000
10000
10000
10000
10000
10000
10000
10000
10000
10000
10000
10000
10000
10000
10000
10000
10000
10000
10000
10000
10000
10000
10000
10000
10000
10000
10000
10000
10000
10000
10000
10000
10000
10000
10000
10000
10000
10000
10000
10000
10000
10000
10000
10000
10000
10000
10000
10000
10000
10000
10000
10000
10000
10000
10000
10000
10000
10000
10000
10000
10000
10000
10000
10000
10000
10000
10000
10000
10000
10000
10000
10000
10000
10000
10000
10000
10000
10000
10000
10000
10000
10000
10000
10000
10000
10000
10000
10000
10000
10000
10000
10000
10000
10000
10000
10000
10000
10000
10000
10000
10000
10000
10000
10000
10000
10000
10000
10000
10000
10000
10000
10000
10000
10000
10000
10000
10000
10000
10000
10000
10000
10000
10000
10000
10000
10000
10000
10000
10000
10000
10000
10000
10000
10000
10000
10000
10000
10000
10000
10000
10000
10000
10000
10000
10000
10000
10000
10000
10000
10000
10000
10000
10000
10000
10000
10000
10000
10000
10000
10000
10000
10000
10000
10000
10000
10000
10000
10000
10000
10000
10000
10000
10000
10000
10000
10000
10000
10000
10000
10000
10000
10000
10000
10000
10000
10000
10000
10000
10000
10000
10000
10000
10000
10000
10000
10000
10000
10000
10000
10000
10000
10000
10000
10000
10000
10000
10000
10000
10000
10000
10000
10000
10000
10000
10000
10000
10000
10000
10000
10000
10000
10000
10000
10000
10000
10000
10000
10000
10000
10000
10000
10000
10000
10000
10000
10000
10000
10000
10000
10000
10000
10000
10000
10000
10000
10000
10000
10000
10000
10000
10000
10000
10000
10000
10000
10000
10000
10000
10000
10000
10000
10000
10000
10000
10000
10000
10000
10000
10000
10000
10000
10000
10000
10000
10000
10000
10000
10000
10000
10000
10000
10000
10000
10000
10000
10000
10000
10000
10000
10000
10000
10000
10000
10000
10000
10000
10000
10000
10000
10000
10000
10000
10000
10000
10000
10000
10000
10000
10000
10000
10000
10000
10000
10000
10000
10000
10000
10000
10000
10000
10000
10000
10000
10000
10000
10000
10000
10000
10000
10000
10000
10000
10000
10000
10000
10000
10000
10000
10000
10000
10000
10000
10000
10000
10000
10000
10000
10000
10000
10000
10000
10000
10000
10000
10000
10000
10000
10000
10000
10000
10000
10000
10000
10000
10000
10000
10000
10000
10000
10000
10000
10000
10000
10000
10000
10000
10000
10000
10000
10000
10000
10000
10000
10000
10000
10000
10000
10000
10000
10000
10000
10000
10000
10000
10000
10000
10000
10000
10000
10000
10000
10000
10000
10000
10000
10000
10000
10000
10000
10000
10000
10000
10000
)
;

boundaryField
{
    asym1
    {
        type            wedge;
    }
    asym2
    {
        type            wedge;
    }
    inlet
    {
        type            totalPressure;
        rho             none;
        psi             thermo:psi;
        gamma           1.4;
        p0              uniform 10000;
        value           uniform 10000;
    }
    nozzle
    {
        type            zeroGradient;
    }
    outlet
    {
        type            waveTransmissive;
        gamma           1.4;
        fieldInf        1600;
        lInf            0.5;
        value           nonuniform List<scalar> 
24
(
2959.77
2959.82
2959.95
2960.13
2960.38
2960.68
2961.07
2961.49
2962.02
2962.56
2963.22
2963.9
2964.69
2965.52
2966.43
2967.44
2968.42
2969.71
2970.62
2972.37
2972.97
2975.34
2975.56
2978.22
)
;
    }
}


// ************************************************************************* //
