/*--------------------------------*- C++ -*----------------------------------*\
  =========                 |
  \\      /  F ield         | OpenFOAM: The Open Source CFD Toolbox
   \\    /   O peration     | Website:  https://openfoam.org
    \\  /    A nd           | Version:  10
     \\/     M anipulation  |
\*---------------------------------------------------------------------------*/
FoamFile
{
    format      ascii;
    class       volScalarField;
    location    "0.04";
    object      rho;
}
// * * * * * * * * * * * * * * * * * * * * * * * * * * * * * * * * * * * * * //

dimensions      [1 -3 0 0 0 0 0];

internalField   nonuniform List<scalar> 
4176
(
0.0418566
0.0418533
0.0418554
0.0418584
0.0418622
0.0418666
0.0418722
0.0418783
0.0418858
0.0418937
0.0419029
0.041913
0.0419235
0.0419365
0.0419475
0.0419643
0.0419747
0.0419968
0.0420053
0.0420333
0.0420395
0.0420728
0.0420756
0.0421118
0.0416623
0.041659
0.0416611
0.0416641
0.0416679
0.0416723
0.0416779
0.041684
0.0416915
0.0416994
0.0417086
0.0417186
0.0417293
0.0417418
0.0417537
0.0417689
0.041782
0.0418003
0.0418138
0.0418371
0.0418487
0.0418806
0.0418871
0.0419315
0.041901
0.0418977
0.0418998
0.0419028
0.0419067
0.0419111
0.0419168
0.0419229
0.0419305
0.0419385
0.0419478
0.0419579
0.0419686
0.0419813
0.041993
0.0420086
0.0420211
0.0420402
0.0420525
0.0420768
0.0420871
0.0421195
0.0421253
0.0421693
0.0420454
0.0420421
0.0420442
0.0420472
0.0420511
0.0420555
0.0420613
0.0420674
0.042075
0.0420829
0.0420923
0.0421023
0.0421129
0.0421259
0.0421368
0.0421537
0.042164
0.0421856
0.0421948
0.0422215
0.042229
0.0422616
0.0422661
0.0423055
0.0421936
0.0421903
0.0421924
0.0421954
0.0421994
0.0422037
0.0422095
0.0422156
0.0422233
0.0422311
0.0422406
0.0422505
0.0422611
0.0422741
0.0422848
0.0423017
0.042312
0.0423332
0.0423427
0.0423688
0.0423765
0.0424085
0.0424129
0.0424515
0.0422993
0.042296
0.0422981
0.0423011
0.042305
0.0423093
0.0423151
0.0423211
0.0423287
0.0423365
0.0423459
0.0423556
0.0423664
0.0423788
0.0423901
0.0424059
0.042417
0.0424372
0.042447
0.0424726
0.0424804
0.0425119
0.0425167
0.0425557
0.0424106
0.0424072
0.0424094
0.0424123
0.0424162
0.0424205
0.0424263
0.0424321
0.0424398
0.0424474
0.0424569
0.0424664
0.0424772
0.0424894
0.0425007
0.0425163
0.0425273
0.0425473
0.0425572
0.0425822
0.0425902
0.0426211
0.042626
0.0426643
0.0424842
0.0424808
0.0424829
0.0424857
0.0424897
0.0424938
0.0424996
0.0425053
0.042513
0.0425204
0.0425298
0.0425391
0.04255
0.0425618
0.0425731
0.0425884
0.0425994
0.0426188
0.0426288
0.0426531
0.0426614
0.0426915
0.0426965
0.0427339
0.0425658
0.0425624
0.0425645
0.0425673
0.0425712
0.0425752
0.0425811
0.0425866
0.0425943
0.0426015
0.0426109
0.04262
0.0426309
0.0426423
0.0426537
0.0426686
0.0426797
0.0426985
0.0427088
0.0427323
0.0427409
0.0427701
0.0427754
0.0428119
0.042622
0.0426186
0.0426207
0.0426234
0.0426274
0.0426313
0.0426371
0.0426425
0.0426502
0.0426573
0.0426666
0.0426755
0.0426864
0.0426975
0.042709
0.0427235
0.0427347
0.0427531
0.0427634
0.0427865
0.042795
0.0428238
0.0428291
0.0428652
0.0426798
0.0426763
0.0426784
0.0426811
0.042685
0.0426888
0.0426946
0.0426999
0.0427075
0.0427144
0.0427237
0.0427323
0.0427432
0.0427538
0.0427655
0.0427793
0.0427907
0.0428084
0.042819
0.0428412
0.0428501
0.0428779
0.0428834
0.0429184
0.0427181
0.0427146
0.0427167
0.0427193
0.0427232
0.0427269
0.0427327
0.0427378
0.0427454
0.042752
0.0427613
0.0427696
0.0427805
0.0427908
0.0428025
0.0428158
0.0428273
0.0428444
0.0428551
0.0428766
0.0428857
0.0429126
0.0429184
0.0429525
0.0427595
0.0427559
0.042758
0.0427605
0.0427644
0.042768
0.0427737
0.0427786
0.0427862
0.0427926
0.0428019
0.0428099
0.0428207
0.0428306
0.0428425
0.0428552
0.0428669
0.0428832
0.0428942
0.0429148
0.0429241
0.0429502
0.0429561
0.0429894
0.0427903
0.0427867
0.0427888
0.0427913
0.0427951
0.0427986
0.0428043
0.042809
0.0428165
0.0428227
0.0428319
0.0428396
0.0428504
0.0428599
0.0428718
0.0428839
0.0428957
0.0429113
0.0429225
0.0429423
0.0429517
0.042977
0.042983
0.0430154
0.0428198
0.0428162
0.0428182
0.0428206
0.0428245
0.0428278
0.0428334
0.042838
0.0428455
0.0428514
0.0428606
0.042868
0.0428787
0.0428878
0.0428997
0.0429112
0.0429232
0.0429381
0.0429494
0.0429684
0.042978
0.0430024
0.0430085
0.0430401
0.0428447
0.0428411
0.0428431
0.0428454
0.0428492
0.0428524
0.042858
0.0428624
0.0428699
0.0428755
0.0428847
0.0428917
0.0429024
0.0429111
0.042923
0.0429338
0.042946
0.0429601
0.0429716
0.0429897
0.0429996
0.043023
0.0430293
0.0430599
0.0428668
0.0428632
0.0428652
0.0428674
0.0428712
0.0428743
0.0428798
0.042884
0.0428914
0.0428967
0.0429058
0.0429125
0.0429232
0.0429314
0.0429434
0.0429535
0.0429658
0.0429791
0.0429908
0.043008
0.0430181
0.0430405
0.043047
0.0430766
0.04289
0.0428863
0.0428883
0.0428905
0.0428942
0.0428971
0.0429026
0.0429066
0.0429139
0.042919
0.042928
0.0429344
0.042945
0.0429528
0.0429647
0.0429742
0.0429867
0.0429992
0.043011
0.0430273
0.0430376
0.043059
0.0430657
0.0430942
0.0429134
0.0429098
0.0429116
0.0429138
0.0429174
0.0429203
0.0429256
0.0429295
0.0429366
0.0429416
0.0429504
0.0429565
0.042967
0.0429743
0.0429862
0.0429951
0.0430078
0.0430195
0.0430314
0.0430468
0.0430572
0.0430777
0.0430845
0.043112
0.0429373
0.0429337
0.0429355
0.0429377
0.0429412
0.0429439
0.0429492
0.0429529
0.0429599
0.0429646
0.0429733
0.042979
0.0429894
0.0429963
0.0430081
0.0430164
0.0430292
0.04304
0.0430521
0.0430666
0.0430771
0.0430966
0.0431035
0.04313
0.0429634
0.0429598
0.0429616
0.0429637
0.0429671
0.0429698
0.0429749
0.0429784
0.0429853
0.0429897
0.0429983
0.0430037
0.0430139
0.0430204
0.0430321
0.0430398
0.0430526
0.0430625
0.0430748
0.0430883
0.0430991
0.0431175
0.0431245
0.0431499
0.0429924
0.0429888
0.0429905
0.0429925
0.0429958
0.0429984
0.0430034
0.0430067
0.0430134
0.0430176
0.043026
0.0430311
0.0430412
0.0430472
0.0430588
0.043066
0.0430786
0.0430877
0.0431001
0.0431127
0.0431235
0.0431409
0.0431481
0.0431724
0.043025
0.0430214
0.043023
0.043025
0.0430282
0.0430307
0.0430355
0.0430387
0.0430452
0.0430492
0.0430574
0.0430621
0.043072
0.0430776
0.0430889
0.0430956
0.0431081
0.0431163
0.0431289
0.0431404
0.0431514
0.0431676
0.043175
0.0431981
0.0430619
0.0430583
0.0430599
0.0430618
0.0430649
0.0430672
0.0430719
0.0430749
0.0430813
0.0430849
0.043093
0.0430973
0.043107
0.0431121
0.0431232
0.0431293
0.0431417
0.0431491
0.0431617
0.0431722
0.0431833
0.0431984
0.0432058
0.0432278
0.043104
0.0431004
0.0431019
0.0431038
0.0431068
0.043109
0.0431136
0.0431163
0.0431225
0.0431259
0.0431337
0.0431377
0.0431471
0.0431517
0.0431627
0.0431681
0.0431803
0.0431869
0.0431996
0.043209
0.0432201
0.043234
0.0432415
0.0432622
0.0431518
0.0431482
0.0431497
0.0431515
0.0431544
0.0431565
0.0431609
0.0431634
0.0431694
0.0431724
0.0431801
0.0431836
0.0431929
0.043197
0.0432077
0.0432125
0.0432245
0.0432303
0.043243
0.0432513
0.0432624
0.0432751
0.0432826
0.0433019
0.0432063
0.0432028
0.0432042
0.0432059
0.0432087
0.0432106
0.0432148
0.0432171
0.0432229
0.0432257
0.043233
0.0432362
0.0432452
0.0432488
0.0432592
0.0432634
0.0432752
0.0432803
0.0432928
0.0433
0.0433112
0.0433226
0.0433302
0.0433482
0.0432678
0.0432642
0.0432655
0.0432672
0.0432698
0.0432716
0.0432756
0.0432778
0.0432833
0.0432858
0.0432929
0.0432956
0.0433043
0.0433074
0.0433176
0.0433212
0.0433327
0.043337
0.0433493
0.0433553
0.0433666
0.0433768
0.0433845
0.0434011
0.0433373
0.0433337
0.043335
0.0433366
0.0433391
0.0433407
0.0433445
0.0433464
0.0433517
0.0433538
0.0433607
0.043363
0.0433714
0.043374
0.0433838
0.0433868
0.0433979
0.0434015
0.0434136
0.0434184
0.0434298
0.0434386
0.0434464
0.0434615
0.043415
0.0434114
0.0434126
0.0434141
0.0434165
0.043418
0.0434215
0.0434232
0.0434283
0.04343
0.0434366
0.0434385
0.0434465
0.0434485
0.0434581
0.0434603
0.0434711
0.0434738
0.0434857
0.0434894
0.0435008
0.0435082
0.0435161
0.0435296
0.043502
0.0434985
0.0434996
0.043501
0.0435032
0.0435045
0.0435079
0.0435093
0.0435141
0.0435155
0.0435217
0.0435231
0.0435309
0.0435322
0.0435415
0.0435429
0.0435535
0.0435552
0.0435667
0.0435694
0.0435808
0.0435866
0.0435945
0.0436064
0.0435982
0.0435947
0.0435958
0.0435971
0.0435991
0.0436003
0.0436034
0.0436046
0.043609
0.0436101
0.043616
0.0436169
0.0436244
0.043625
0.043634
0.0436346
0.0436449
0.0436456
0.0436568
0.0436583
0.0436695
0.0436738
0.0436816
0.0436918
0.043705
0.0437015
0.0437024
0.0437037
0.0437055
0.0437065
0.0437094
0.0437103
0.0437145
0.0437151
0.0437208
0.0437211
0.0437283
0.0437282
0.0437369
0.0437365
0.0437466
0.0437462
0.0437571
0.0437574
0.0437682
0.0437709
0.0437787
0.0437872
0.0438218
0.0438184
0.0438193
0.0438204
0.0438221
0.0438229
0.0438256
0.0438262
0.0438301
0.0438303
0.0438356
0.0438353
0.0438422
0.0438413
0.0438497
0.0438483
0.0438581
0.0438565
0.0438673
0.0438662
0.0438769
0.0438779
0.0438857
0.0438924
0.0439503
0.0439469
0.0439477
0.0439487
0.0439503
0.0439509
0.0439533
0.0439536
0.0439572
0.0439569
0.0439619
0.0439609
0.0439675
0.0439657
0.0439739
0.0439714
0.043981
0.0439781
0.0439887
0.0439863
0.0439968
0.0439963
0.0440039
0.0440087
0.0440897
0.0440863
0.044087
0.044088
0.0440893
0.0440897
0.0440919
0.0440918
0.0440951
0.0440943
0.0440989
0.0440973
0.0441035
0.0441007
0.0441088
0.044105
0.0441147
0.0441103
0.0441209
0.0441171
0.0441272
0.0441254
0.0441329
0.0441357
0.0442414
0.044238
0.0442386
0.0442395
0.0442406
0.0442407
0.0442427
0.0442422
0.0442452
0.0442439
0.0442481
0.0442458
0.0442518
0.0442482
0.044256
0.0442511
0.0442607
0.044255
0.0442656
0.0442601
0.0442702
0.0442664
0.044274
0.0442747
0.0444046
0.0444012
0.0444017
0.0444024
0.0444034
0.0444033
0.044405
0.0444041
0.0444068
0.0444051
0.0444091
0.0444061
0.0444118
0.0444073
0.0444151
0.044409
0.0444185
0.0444114
0.0444218
0.0444146
0.0444245
0.044419
0.0444263
0.0444249
0.0445806
0.0445773
0.0445777
0.0445783
0.0445791
0.0445789
0.0445802
0.0445792
0.0445816
0.0445794
0.0445833
0.0445796
0.0445852
0.0445798
0.0445872
0.0445801
0.0445891
0.0445808
0.0445907
0.0445819
0.0445916
0.0445842
0.0445913
0.0445881
0.044769
0.0447658
0.0447661
0.0447666
0.0447673
0.044767
0.0447681
0.0447668
0.0447689
0.0447664
0.0447699
0.0447655
0.0447708
0.0447645
0.0447714
0.0447632
0.0447716
0.044762
0.0447714
0.0447612
0.0447706
0.0447617
0.0447686
0.0447637
0.0449711
0.0449678
0.0449682
0.0449686
0.0449691
0.0449685
0.0449695
0.0449678
0.0449696
0.0449663
0.0449695
0.0449643
0.0449691
0.0449619
0.0449682
0.0449591
0.0449669
0.044956
0.0449651
0.0449538
0.044963
0.0449526
0.0449595
0.0449526
0.0451872
0.0451839
0.0451841
0.0451845
0.0451848
0.045184
0.0451846
0.0451823
0.0451838
0.0451797
0.0451825
0.0451765
0.0451807
0.0451727
0.0451785
0.0451683
0.0451756
0.0451639
0.0451726
0.0451599
0.0451687
0.0451562
0.0451629
0.0451534
0.045412
0.0454088
0.0454088
0.0454091
0.045409
0.045408
0.0454082
0.0454057
0.045407
0.0454028
0.0454053
0.0453993
0.0454033
0.0453952
0.0454008
0.0453907
0.0453981
0.0453858
0.0453941
0.0453799
0.0453883
0.0453738
0.0453802
0.0453679
0.0456581
0.0456549
0.045655
0.0456553
0.0456552
0.0456541
0.0456543
0.0456516
0.0456525
0.0456478
0.0456496
0.0456426
0.0456456
0.0456361
0.0456405
0.0456282
0.045634
0.0456191
0.0456262
0.0456098
0.0456174
0.0456015
0.0456077
0.0455948
0.0459142
0.0459111
0.0459109
0.045911
0.0459104
0.0459089
0.0459084
0.0459051
0.0459052
0.0458998
0.045901
0.0458933
0.0458958
0.0458857
0.0458898
0.0458774
0.0458832
0.0458687
0.045876
0.0458599
0.0458675
0.0458505
0.0458563
0.0458398
0.0461838
0.0461808
0.0461805
0.0461807
0.0461801
0.0461787
0.0461782
0.046175
0.0461751
0.0461698
0.0461709
0.0461632
0.0461654
0.046155
0.0461587
0.0461453
0.0461503
0.0461338
0.0461399
0.0461206
0.0461272
0.0461067
0.0461121
0.0460937
0.0464718
0.0464689
0.0464684
0.0464686
0.0464674
0.0464658
0.0464646
0.0464609
0.0464602
0.046454
0.0464541
0.0464453
0.0464464
0.0464347
0.0464373
0.0464225
0.0464268
0.0464093
0.0464151
0.0463957
0.0464023
0.0463822
0.0463876
0.0463682
0.0467676
0.0467647
0.0467641
0.0467643
0.0467629
0.0467614
0.0467598
0.046756
0.0467551
0.0467489
0.0467488
0.0467399
0.046741
0.0467292
0.0467317
0.0467169
0.0467208
0.0467028
0.046708
0.0466869
0.0466927
0.0466692
0.0466741
0.0466507
0.0470856
0.0470828
0.0470821
0.0470822
0.0470805
0.047079
0.0470768
0.0470729
0.0470714
0.0470646
0.0470638
0.0470541
0.0470543
0.0470413
0.0470427
0.0470263
0.0470291
0.0470093
0.0470136
0.0469908
0.0469962
0.0469718
0.0469765
0.0469527
0.04741
0.0474073
0.0474065
0.0474065
0.0474046
0.0474029
0.0474001
0.0473964
0.0473941
0.0473871
0.0473858
0.0473757
0.0473754
0.0473621
0.0473631
0.0473464
0.0473489
0.0473289
0.0473328
0.0473095
0.0473143
0.0472884
0.0472926
0.0472656
0.0477576
0.0477549
0.0477541
0.0477539
0.0477519
0.04775
0.0477469
0.0477432
0.0477401
0.0477331
0.0477312
0.0477205
0.0477197
0.0477055
0.0477058
0.0476879
0.0476895
0.0476678
0.0476708
0.0476454
0.0476495
0.0476214
0.0476253
0.0475964
0.0481108
0.0481082
0.0481073
0.048107
0.0481048
0.0481028
0.0480992
0.0480954
0.0480915
0.0480846
0.0480817
0.0480707
0.0480693
0.0480545
0.0480542
0.0480357
0.0480367
0.0480144
0.0480168
0.0479909
0.0479945
0.0479656
0.0479691
0.0479385
0.0484889
0.0484863
0.0484854
0.048485
0.0484826
0.0484804
0.0484766
0.0484726
0.048468
0.0484611
0.0484572
0.0484462
0.0484439
0.0484286
0.0484276
0.0484082
0.0484085
0.0483851
0.0483866
0.0483591
0.048362
0.0483308
0.0483339
0.0483005
0.0488702
0.0488677
0.0488668
0.0488663
0.0488637
0.0488613
0.0488573
0.0488531
0.0488479
0.048841
0.0488362
0.0488253
0.0488219
0.0488063
0.0488047
0.0487846
0.0487841
0.04876
0.0487608
0.0487325
0.0487347
0.0487026
0.0487053
0.0486706
0.0492795
0.049277
0.049276
0.0492755
0.0492727
0.0492701
0.0492657
0.0492613
0.0492556
0.0492485
0.0492429
0.0492318
0.0492274
0.0492116
0.049209
0.0491882
0.049187
0.0491619
0.049162
0.0491324
0.0491339
0.0491
0.0491022
0.049065
0.0496887
0.0496863
0.0496852
0.0496845
0.0496817
0.049679
0.0496743
0.0496697
0.0496636
0.0496564
0.0496501
0.0496391
0.0496337
0.0496179
0.0496142
0.0495931
0.0495912
0.0495654
0.0495647
0.0495343
0.0495351
0.0495001
0.0495019
0.0494632
0.0501289
0.0501266
0.0501255
0.0501247
0.0501217
0.0501188
0.0501139
0.0501089
0.0501024
0.050095
0.0500879
0.0500767
0.0500704
0.0500543
0.0500496
0.0500281
0.0500253
0.0499986
0.0499971
0.0499656
0.0499658
0.0499292
0.0499306
0.0498897
0.0505661
0.0505638
0.0505627
0.0505619
0.0505587
0.0505556
0.0505505
0.0505454
0.0505386
0.050531
0.0505234
0.0505121
0.050505
0.0504889
0.0504832
0.0504616
0.0504577
0.0504308
0.0504284
0.0503962
0.0503957
0.050358
0.050359
0.0503166
0.0510365
0.0510343
0.0510331
0.0510322
0.051029
0.0510257
0.0510204
0.051015
0.0510078
0.051
0.0509917
0.0509803
0.0509722
0.050956
0.0509493
0.0509274
0.0509225
0.0508949
0.0508918
0.0508586
0.0508574
0.0508184
0.050819
0.0507747
0.0515019
0.0514998
0.0514986
0.0514976
0.0514942
0.0514909
0.0514853
0.0514798
0.0514723
0.0514643
0.0514555
0.0514439
0.0514352
0.0514189
0.0514113
0.0513894
0.0513836
0.0513556
0.0513518
0.051318
0.051316
0.0512761
0.0512762
0.0512305
0.0520014
0.0519994
0.0519981
0.0519971
0.0519937
0.0519902
0.0519844
0.0519787
0.0519709
0.0519627
0.0519534
0.0519416
0.0519322
0.0519157
0.0519072
0.0518851
0.0518783
0.05185
0.0518452
0.0518107
0.0518081
0.0517671
0.0517667
0.0517194
0.052495
0.0524931
0.0524918
0.0524907
0.0524872
0.0524836
0.0524777
0.0524718
0.0524637
0.0524553
0.0524456
0.0524337
0.0524237
0.0524071
0.0523979
0.0523756
0.052368
0.0523395
0.052334
0.0522989
0.0522956
0.0522538
0.0522529
0.0522044
0.0530225
0.0530208
0.0530194
0.0530184
0.0530147
0.053011
0.0530049
0.0529989
0.0529906
0.052982
0.0529719
0.0529599
0.0529492
0.0529325
0.0529225
0.0529002
0.0528917
0.0528629
0.0528566
0.0528209
0.052817
0.0527743
0.052773
0.0527231
0.053544
0.0535423
0.053541
0.0535399
0.0535361
0.0535324
0.0535262
0.05352
0.0535115
0.0535027
0.0534923
0.0534802
0.053469
0.0534523
0.0534416
0.0534192
0.0534099
0.053381
0.0533739
0.0533379
0.0533333
0.05329
0.0532882
0.0532373
0.0540985
0.054097
0.0540956
0.0540945
0.0540907
0.0540869
0.0540806
0.0540743
0.0540656
0.0540567
0.0540459
0.0540337
0.0540221
0.0540053
0.053994
0.0539714
0.0539615
0.0539324
0.0539244
0.0538884
0.053883
0.053839
0.0538369
0.0537848
0.0546473
0.0546459
0.0546445
0.0546434
0.0546395
0.0546357
0.0546292
0.0546229
0.054614
0.054605
0.0545939
0.0545817
0.0545696
0.0545528
0.0545409
0.0545184
0.0545077
0.0544786
0.0544699
0.0544337
0.0544277
0.0543832
0.0543807
0.0543277
0.0552278
0.0552265
0.0552252
0.0552241
0.0552202
0.0552163
0.0552097
0.0552034
0.0551943
0.0551853
0.0551739
0.0551617
0.0551492
0.0551323
0.0551199
0.0550974
0.0550862
0.0550569
0.0550476
0.0550112
0.0550047
0.0549598
0.0549569
0.0549031
0.055803
0.0558019
0.0558006
0.0557995
0.0557955
0.0557917
0.055785
0.0557786
0.0557694
0.0557603
0.0557488
0.0557365
0.0557237
0.0557068
0.055694
0.0556715
0.0556597
0.0556305
0.0556207
0.055584
0.0555771
0.0555318
0.0555286
0.0554742
0.0564085
0.0564075
0.0564062
0.0564052
0.0564012
0.0563974
0.0563906
0.0563843
0.0563749
0.0563658
0.0563541
0.0563419
0.0563287
0.0563119
0.0562987
0.0562762
0.056264
0.0562348
0.0562245
0.0561877
0.0561804
0.0561348
0.0561313
0.0560764
0.0570092
0.0570084
0.0570071
0.0570061
0.0570021
0.0569983
0.0569915
0.0569852
0.0569757
0.0569667
0.0569548
0.0569426
0.0569291
0.0569125
0.0568989
0.0568765
0.0568639
0.0568348
0.0568241
0.0567872
0.0567795
0.0567338
0.05673
0.0566746
0.0576386
0.057638
0.0576367
0.0576358
0.0576318
0.057628
0.0576212
0.0576149
0.0576054
0.0575964
0.0575844
0.0575723
0.0575585
0.0575421
0.0575281
0.0575059
0.0574929
0.0574639
0.0574529
0.0574161
0.0574081
0.0573622
0.0573582
0.0573026
0.0582638
0.0582633
0.0582621
0.0582612
0.0582572
0.0582535
0.0582467
0.0582404
0.0582309
0.0582219
0.0582098
0.0581978
0.0581838
0.0581676
0.0581534
0.0581313
0.0581181
0.0580892
0.0580778
0.0580411
0.0580329
0.057987
0.0579828
0.057927
0.0589163
0.058916
0.0589148
0.0589139
0.05891
0.0589063
0.0588995
0.0588933
0.0588837
0.0588748
0.0588626
0.0588507
0.0588366
0.0588205
0.0588061
0.0587843
0.0587708
0.0587421
0.0587308
0.0586937
0.0586856
0.0586396
0.0586353
0.0585795
0.0595649
0.0595648
0.0595636
0.0595628
0.0595589
0.0595553
0.0595485
0.0595424
0.0595328
0.059524
0.0595117
0.0595
0.0594857
0.0594699
0.0594552
0.0594336
0.0594199
0.0593913
0.0593796
0.0593433
0.0593349
0.0592889
0.0592846
0.0592287
0.0602393
0.0602394
0.0602383
0.0602376
0.0602338
0.0602303
0.0602235
0.0602175
0.0602079
0.0601992
0.0601869
0.0601753
0.0601609
0.0601453
0.0601304
0.060109
0.0600952
0.0600667
0.0600555
0.0600183
0.0600104
0.0599645
0.0599602
0.0599045
0.0609102
0.0609104
0.0609094
0.0609088
0.060905
0.0609016
0.060895
0.0608891
0.0608796
0.060871
0.0608588
0.0608474
0.0608329
0.0608177
0.0608025
0.0607815
0.0607674
0.060739
0.0607273
0.060691
0.0606827
0.0606368
0.0606327
0.0605772
0.0616052
0.0616056
0.0616047
0.0616042
0.0616006
0.0615973
0.0615908
0.0615851
0.0615757
0.0615674
0.0615553
0.0615442
0.0615297
0.061515
0.0614996
0.0614791
0.0614647
0.0614368
0.0614254
0.061388
0.0613802
0.0613341
0.0613301
0.0612747
0.0622966
0.0622972
0.0622964
0.062296
0.0622925
0.0622894
0.0622831
0.0622776
0.0622684
0.0622604
0.0622484
0.0622377
0.0622234
0.0622092
0.0621938
0.062174
0.0621594
0.0621323
0.0621205
0.0620836
0.0620759
0.0620294
0.0620253
0.0619693
0.0630108
0.0630117
0.063011
0.0630107
0.0630073
0.0630044
0.0629982
0.0629929
0.0629838
0.0629762
0.0629644
0.0629541
0.0629399
0.0629263
0.062911
0.062892
0.0628776
0.0628513
0.0628397
0.0628038
0.0627965
0.06275
0.0627461
0.0626894
0.0637222
0.0637234
0.0637225
0.0637225
0.0637189
0.0637163
0.0637099
0.063705
0.0636957
0.0636885
0.0636765
0.0636668
0.0636524
0.0636395
0.0636242
0.0636054
0.0635925
0.0635651
0.0635568
0.0635192
0.0635149
0.0634689
0.0634663
0.0634119
0.0644568
0.0644584
0.0644572
0.0644575
0.0644536
0.0644511
0.0644443
0.0644395
0.0644298
0.0644228
0.0644102
0.064401
0.0643859
0.0643737
0.0643578
0.0643389
0.064328
0.0642986
0.0642927
0.0642545
0.0642522
0.0642067
0.0642062
0.0641558
0.0651916
0.0651933
0.0651921
0.065192
0.0651881
0.065185
0.0651782
0.0651726
0.0651627
0.0651549
0.065142
0.065132
0.0651164
0.0651038
0.0650868
0.0650692
0.0650561
0.0650271
0.0650216
0.0649823
0.0649813
0.0649348
0.0649359
0.0648857
0.0659527
0.0659545
0.0659533
0.0659527
0.0659486
0.0659447
0.0659375
0.0659307
0.0659203
0.065911
0.0658974
0.0658858
0.0658694
0.0658553
0.0658367
0.0658195
0.0658024
0.0657748
0.0657673
0.0657262
0.0657259
0.0656769
0.065679
0.0656267
0.0667193
0.0667212
0.0667198
0.0667186
0.0667141
0.0667093
0.0667013
0.0666932
0.0666817
0.0666707
0.0666558
0.066642
0.0666239
0.0666075
0.0665867
0.0665676
0.0665461
0.0665195
0.0665062
0.0664647
0.0664631
0.06641
0.0664123
0.0663557
0.0675168
0.0675187
0.0675172
0.0675155
0.0675104
0.0675046
0.0674957
0.0674862
0.0674733
0.0674604
0.0674436
0.0674274
0.0674068
0.0673874
0.0673636
0.0673411
0.067315
0.0672871
0.0672662
0.067224
0.0672165
0.067159
0.0671604
0.0670968
0.068325
0.0683269
0.0683253
0.0683231
0.0683175
0.0683109
0.0683009
0.0682902
0.0682758
0.0682611
0.0682424
0.0682236
0.0682005
0.0681778
0.0681505
0.0681239
0.0680931
0.0680614
0.0680318
0.0679875
0.0679705
0.0679061
0.0679048
0.06783
0.0691668
0.0691689
0.0691672
0.0691646
0.0691586
0.0691514
0.0691407
0.069129
0.0691135
0.0690973
0.069077
0.0690562
0.0690309
0.0690055
0.0689751
0.0689448
0.0689095
0.0688734
0.0688357
0.0687883
0.0687579
0.0686878
0.0686767
0.068585
0.070021
0.0700231
0.0700215
0.0700187
0.0700125
0.070005
0.0699939
0.0699816
0.0699655
0.0699485
0.0699272
0.0699053
0.0698785
0.0698515
0.069819
0.0697864
0.0697482
0.0697088
0.0696662
0.0696158
0.0695738
0.0695013
0.0694747
0.0693624
0.0709074
0.0709097
0.0709082
0.0709054
0.0708992
0.0708917
0.0708805
0.0708683
0.0708519
0.0708349
0.0708132
0.0707911
0.0707638
0.0707365
0.0707033
0.0706702
0.070631
0.0705909
0.0705468
0.0704956
0.0704498
0.0703786
0.0703424
0.0702226
0.0718031
0.0718057
0.0718043
0.0718018
0.0717958
0.0717886
0.0717776
0.0717658
0.0717497
0.0717332
0.0717116
0.0716904
0.0716632
0.0716368
0.0716039
0.0715718
0.0715332
0.0714942
0.0714514
0.0714009
0.0713598
0.0712874
0.0712612
0.0711531
0.0727259
0.0727289
0.0727277
0.0727256
0.0727199
0.0727133
0.0727027
0.0726917
0.0726761
0.0726606
0.0726397
0.0726198
0.0725934
0.0725687
0.0725369
0.0725067
0.0724696
0.0724329
0.0723918
0.0723444
0.0723062
0.0722377
0.0722133
0.0721135
0.073652
0.0736554
0.0736544
0.0736529
0.0736475
0.0736417
0.0736317
0.0736218
0.0736069
0.0735929
0.0735729
0.0735547
0.0735294
0.0735069
0.0734765
0.0734488
0.0734137
0.0733799
0.0733411
0.0732975
0.0732617
0.0731983
0.0731754
0.0730832
0.0745984
0.0746024
0.0746014
0.0746007
0.0745955
0.074591
0.0745813
0.0745731
0.0745585
0.0745468
0.0745271
0.0745119
0.074487
0.074468
0.0744381
0.0744144
0.0743805
0.0743505
0.074314
0.0742747
0.0742414
0.0741837
0.0741621
0.074078
0.0755415
0.0755459
0.0755447
0.0755454
0.0755396
0.0755373
0.0755269
0.0755218
0.0755063
0.0754986
0.0754775
0.0754675
0.0754408
0.0754279
0.0753962
0.0753792
0.0753442
0.0753202
0.075285
0.0752505
0.0752196
0.0751679
0.0751475
0.0750715
0.0764983
0.076503
0.076502
0.0765033
0.0764983
0.0764967
0.0764873
0.0764834
0.0764691
0.0764632
0.0764434
0.0764358
0.0764105
0.0764007
0.0763704
0.0763573
0.0763236
0.0763046
0.0762706
0.0762413
0.0762125
0.0761668
0.0761478
0.0760801
0.0774446
0.0774494
0.0774491
0.0774502
0.0774469
0.0774448
0.0774381
0.0774334
0.0774225
0.0774159
0.0774002
0.0773922
0.0773711
0.0773617
0.0773355
0.0773238
0.0772939
0.0772777
0.0772467
0.0772223
0.0771948
0.0771555
0.0771379
0.0770783
0.0783996
0.0784046
0.0784048
0.0784061
0.0784038
0.0784022
0.0783969
0.0783928
0.0783841
0.078378
0.0783652
0.0783576
0.0783403
0.0783314
0.0783094
0.0782988
0.0782729
0.0782591
0.0782315
0.0782115
0.0781855
0.0781529
0.0781367
0.0780852
0.0793371
0.0793422
0.0793428
0.0793444
0.079343
0.0793418
0.0793379
0.0793346
0.0793276
0.0793225
0.079312
0.0793056
0.079291
0.0792836
0.0792648
0.0792561
0.0792337
0.0792224
0.079198
0.0791818
0.0791583
0.0791324
0.0791172
0.0790735
0.0802795
0.0802848
0.0802858
0.0802877
0.080287
0.0802866
0.0802837
0.0802814
0.0802759
0.080272
0.0802635
0.0802585
0.0802464
0.0802406
0.0802248
0.0802181
0.0801988
0.0801904
0.0801689
0.0801566
0.0801355
0.0801157
0.0801014
0.0800654
0.0811989
0.0812042
0.0812055
0.0812078
0.0812077
0.081208
0.0812061
0.0812048
0.0812006
0.081198
0.0811913
0.0811878
0.0811779
0.081174
0.0811607
0.0811563
0.0811399
0.0811343
0.0811158
0.0811072
0.0810889
0.081074
0.0810607
0.081032
0.0821205
0.0821259
0.0821275
0.0821302
0.0821307
0.0821316
0.0821307
0.0821303
0.0821275
0.0821261
0.082121
0.082119
0.0821112
0.0821091
0.0820983
0.082096
0.0820823
0.0820794
0.0820636
0.0820587
0.082043
0.082033
0.0820209
0.0819993
0.0830114
0.0830168
0.0830186
0.0830216
0.0830227
0.0830243
0.0830242
0.0830248
0.0830231
0.0830231
0.0830195
0.0830191
0.0830132
0.0830129
0.0830043
0.0830044
0.0829931
0.0829931
0.0829798
0.0829784
0.0829651
0.0829595
0.0829496
0.0829349
0.0839109
0.0839164
0.0839185
0.0839218
0.0839234
0.0839255
0.0839263
0.0839277
0.0839272
0.0839282
0.0839261
0.083927
0.083923
0.0839243
0.0839178
0.0839198
0.0839109
0.0839132
0.0839024
0.0839041
0.0838932
0.0838916
0.0838834
0.0838753
0.0847602
0.0847656
0.0847678
0.0847713
0.0847734
0.0847762
0.0847776
0.0847799
0.0847805
0.0847827
0.0847819
0.0847844
0.084782
0.0847851
0.0847806
0.0847848
0.084778
0.0847832
0.0847746
0.0847798
0.0847709
0.0847738
0.0847675
0.0847648
0.0856394
0.0856448
0.0856473
0.0856511
0.0856536
0.0856569
0.0856591
0.0856621
0.0856637
0.0856668
0.0856674
0.085671
0.0856702
0.0856747
0.0856721
0.085678
0.0856732
0.0856805
0.085674
0.0856819
0.0856751
0.0856815
0.0856769
0.0856788
0.0864396
0.0864449
0.0864475
0.0864514
0.0864543
0.0864581
0.0864609
0.0864647
0.0864671
0.0864713
0.086473
0.086478
0.0864786
0.0864848
0.0864838
0.0864917
0.0864888
0.0864986
0.086494
0.0865049
0.0864998
0.0865103
0.0865068
0.0865142
0.0872924
0.0872977
0.0873005
0.0873047
0.087308
0.0873121
0.0873156
0.0873201
0.0873234
0.0873285
0.0873313
0.0873374
0.0873394
0.0873469
0.0873475
0.087357
0.087356
0.0873677
0.087365
0.0873785
0.087375
0.0873888
0.0873866
0.0873984
0.0880493
0.0880544
0.0880572
0.0880615
0.0880651
0.0880697
0.0880736
0.0880787
0.0880827
0.0880887
0.0880924
0.0880996
0.0881027
0.0881116
0.0881137
0.0881248
0.0881253
0.088139
0.0881379
0.0881539
0.088152
0.0881691
0.0881682
0.0881841
0.0888615
0.0888666
0.0888695
0.088874
0.0888779
0.0888829
0.0888874
0.088893
0.0888979
0.0889046
0.0889094
0.0889176
0.0889219
0.0889321
0.0889355
0.0889482
0.0889503
0.0889658
0.0889665
0.0889848
0.0889844
0.0890047
0.0890045
0.0890258
0.0895859
0.0895908
0.0895938
0.0895984
0.0896025
0.0896077
0.0896126
0.0896188
0.0896241
0.0896316
0.0896371
0.0896462
0.0896514
0.0896627
0.0896672
0.0896812
0.0896845
0.0897016
0.0897035
0.0897239
0.0897248
0.0897477
0.0897484
0.0897729
0.0903467
0.0903515
0.0903546
0.0903593
0.0903637
0.0903692
0.0903745
0.0903812
0.0903872
0.0903953
0.0904017
0.0904117
0.0904179
0.0904303
0.090436
0.0904514
0.090456
0.0904749
0.0904781
0.0905006
0.0905026
0.0905284
0.09053
0.0905584
0.0910436
0.0910482
0.0910513
0.0910561
0.0910606
0.0910664
0.091072
0.0910791
0.0910855
0.0910942
0.0911011
0.0911119
0.0911188
0.0911322
0.0911387
0.0911551
0.0911607
0.0911809
0.0911851
0.0912093
0.0912123
0.0912401
0.0912423
0.0912735
0.091752
0.0917565
0.0917597
0.0917644
0.0917692
0.0917752
0.0917811
0.0917886
0.0917955
0.0918048
0.0918124
0.0918239
0.0918316
0.0918459
0.0918532
0.0918709
0.0918774
0.0918991
0.0919043
0.0919303
0.0919341
0.0919644
0.0919671
0.0920014
0.0924191
0.0924235
0.0924266
0.0924315
0.0924363
0.0924425
0.0924487
0.0924565
0.0924638
0.0924735
0.0924815
0.0924936
0.092502
0.092517
0.0925251
0.0925437
0.0925509
0.0925737
0.0925796
0.0926071
0.0926116
0.0926436
0.0926468
0.0926834
0.0930801
0.0930843
0.0930875
0.0930923
0.0930973
0.0931036
0.0931101
0.0931182
0.0931258
0.093136
0.0931445
0.0931572
0.0931661
0.0931819
0.0931906
0.0932102
0.0932181
0.0932421
0.0932488
0.0932777
0.0932828
0.0933167
0.0933202
0.0933593
0.0937137
0.0937177
0.0937209
0.0937257
0.0937307
0.0937372
0.0937439
0.0937522
0.0937601
0.0937707
0.0937796
0.0937928
0.0938021
0.0938186
0.0938278
0.0938482
0.0938567
0.0938816
0.0938889
0.093919
0.0939246
0.09396
0.0939639
0.0940048
0.0943327
0.0943366
0.0943397
0.0943446
0.0943497
0.0943563
0.0943631
0.0943717
0.0943798
0.0943908
0.0943999
0.0944136
0.0944234
0.0944404
0.0944502
0.0944713
0.0944804
0.0945062
0.094514
0.0945451
0.0945513
0.0945881
0.0945923
0.0946351
0.0949307
0.0949344
0.0949376
0.0949424
0.0949475
0.0949542
0.0949611
0.0949699
0.0949783
0.0949895
0.094999
0.0950131
0.0950232
0.0950407
0.0950509
0.0950726
0.0950822
0.0951087
0.0951171
0.0951491
0.0951557
0.0951937
0.0951982
0.0952425
0.0955117
0.0955153
0.0955184
0.0955232
0.0955283
0.0955351
0.0955421
0.0955511
0.0955596
0.0955712
0.0955808
0.0955953
0.0956057
0.0956237
0.0956342
0.0956565
0.0956665
0.0956937
0.0957024
0.0957354
0.0957424
0.0957813
0.0957862
0.0958319
0.0960744
0.0960778
0.0960808
0.0960856
0.0960908
0.0960976
0.0961047
0.0961138
0.0961225
0.0961342
0.0961441
0.0961589
0.0961696
0.0961879
0.0961989
0.0962215
0.0962319
0.0962596
0.0962689
0.0963024
0.0963098
0.0963497
0.0963547
0.0964016
0.0966201
0.0966233
0.0966263
0.096631
0.0966362
0.0966431
0.0966502
0.0966595
0.0966682
0.0966802
0.0966902
0.0967053
0.0967161
0.0967349
0.096746
0.0967692
0.0967798
0.0968081
0.0968176
0.0968517
0.0968595
0.0969001
0.0969054
0.0969534
0.0971488
0.0971519
0.0971549
0.0971595
0.0971648
0.0971717
0.0971788
0.0971882
0.097197
0.0972091
0.0972192
0.0972345
0.0972456
0.0972646
0.0972759
0.0972994
0.0973103
0.097339
0.0973488
0.0973834
0.0973915
0.0974328
0.0974382
0.0974871
0.0976614
0.0976643
0.0976672
0.0976719
0.097677
0.097684
0.0976911
0.0977006
0.0977094
0.0977217
0.0977318
0.0977474
0.0977585
0.0977779
0.0977892
0.0978131
0.0978241
0.0978532
0.0978632
0.0978983
0.0979065
0.0979483
0.097954
0.0980037
0.0981582
0.0981609
0.0981638
0.0981684
0.0981735
0.0981805
0.0981876
0.0981971
0.098206
0.0982184
0.0982286
0.0982443
0.0982554
0.098275
0.0982865
0.0983106
0.0983217
0.0983512
0.0983612
0.0983968
0.0984051
0.0984473
0.0984528
0.0985032
0.0986397
0.0986424
0.0986452
0.0986497
0.0986548
0.0986617
0.0986688
0.0986784
0.0986872
0.0986998
0.09871
0.0987259
0.098737
0.0987568
0.0987682
0.0987926
0.0988037
0.0988335
0.0988435
0.0988794
0.0988872
0.0989308
0.0989358
0.0989866
0.0991066
0.0991091
0.0991119
0.0991163
0.0991214
0.0991283
0.0991354
0.099145
0.0991538
0.0991663
0.0991765
0.0991925
0.0992036
0.0992236
0.099235
0.0992597
0.0992707
0.0993007
0.0993106
0.0993469
0.0993552
0.0993978
0.0994032
0.0994543
0.0995593
0.0995617
0.0995644
0.0995688
0.0995738
0.0995807
0.0995877
0.0995973
0.0996061
0.0996187
0.0996289
0.0996449
0.099656
0.0996761
0.0996875
0.0997122
0.0997232
0.0997534
0.0997633
0.0997997
0.0998072
0.0998514
0.0998562
0.0999074
0.0999984
0.100001
0.100003
0.100008
0.100013
0.100019
0.100026
0.100036
0.100045
0.100057
0.100068
0.100084
0.100095
0.100115
0.100126
0.100151
0.100162
0.100192
0.100202
0.100239
0.100247
0.10029
0.100295
0.100346
0.100424
0.100426
0.100429
0.100433
0.100438
0.100445
0.100452
0.100461
0.10047
0.100483
0.100493
0.100509
0.10052
0.10054
0.100552
0.100576
0.100587
0.100617
0.100627
0.100664
0.100671
0.100716
0.10072
0.100772
0.100838
0.10084
0.100842
0.100846
0.100851
0.100858
0.100865
0.100874
0.100883
0.100896
0.100906
0.100922
0.100933
0.100953
0.100964
0.100989
0.101
0.10103
0.10104
0.101076
0.101084
0.101127
0.101133
0.101184
0.101239
0.101241
0.101243
0.101247
0.101252
0.101259
0.101266
0.101275
0.101284
0.101296
0.101306
0.101322
0.101333
0.101353
0.101365
0.101389
0.1014
0.10143
0.10144
0.101476
0.101484
0.101528
0.101533
0.101584
0.101629
0.10163
0.101633
0.101637
0.101642
0.101648
0.101655
0.101664
0.101673
0.101685
0.101695
0.101711
0.101722
0.101742
0.101753
0.101778
0.101789
0.101819
0.101829
0.101865
0.101872
0.101916
0.101921
0.101972
0.102007
0.102009
0.102011
0.102015
0.10202
0.102026
0.102033
0.102042
0.102051
0.102063
0.102073
0.102089
0.1021
0.102119
0.102131
0.102155
0.102166
0.102196
0.102206
0.102242
0.10225
0.102292
0.102297
0.102348
0.102375
0.102377
0.102379
0.102383
0.102388
0.102394
0.102401
0.10241
0.102418
0.10243
0.10244
0.102456
0.102467
0.102486
0.102497
0.102522
0.102533
0.102562
0.102572
0.102608
0.102615
0.102658
0.102663
0.102713
0.102733
0.102734
0.102737
0.10274
0.102745
0.102751
0.102758
0.102767
0.102775
0.102787
0.102797
0.102812
0.102823
0.102843
0.102854
0.102878
0.102889
0.102918
0.102928
0.102963
0.102971
0.103013
0.103018
0.103068
0.10308
0.103082
0.103084
0.103088
0.103092
0.103099
0.103105
0.103114
0.103123
0.103134
0.103144
0.103159
0.10317
0.103189
0.1032
0.103224
0.103235
0.103264
0.103273
0.103309
0.103316
0.103359
0.103363
0.103413
0.103419
0.10342
0.103423
0.103426
0.103431
0.103437
0.103443
0.103452
0.10346
0.103472
0.103482
0.103497
0.103507
0.103527
0.103537
0.103561
0.103572
0.103601
0.10361
0.103645
0.103652
0.103694
0.103699
0.103748
0.103749
0.10375
0.103752
0.103756
0.10376
0.103766
0.103773
0.103781
0.103789
0.103801
0.103811
0.103826
0.103836
0.103855
0.103866
0.103889
0.103899
0.103928
0.103937
0.103972
0.103979
0.104021
0.104025
0.104074
0.10407
0.104071
0.104073
0.104077
0.104081
0.104087
0.104093
0.104102
0.10411
0.104121
0.104131
0.104146
0.104156
0.104175
0.104185
0.104209
0.104218
0.104248
0.104256
0.104291
0.104297
0.104339
0.104343
0.104391
0.104383
0.104384
0.104386
0.104389
0.104394
0.104399
0.104406
0.104414
0.104422
0.104434
0.104443
0.104458
0.104468
0.104487
0.104496
0.10452
0.104529
0.104558
0.104566
0.104602
0.104607
0.104649
0.104653
0.104701
0.104688
0.104689
0.104691
0.104694
0.104699
0.104704
0.104711
0.104719
0.104727
0.104738
0.104747
0.104762
0.104772
0.10479
0.1048
0.104824
0.104833
0.104861
0.104869
0.104904
0.10491
0.104951
0.104954
0.105002
0.104986
0.104987
0.104989
0.104992
0.104996
0.105002
0.105008
0.105016
0.105024
0.105035
0.105044
0.105059
0.105068
0.105087
0.105096
0.10512
0.105129
0.105157
0.105165
0.105199
0.105205
0.105245
0.105249
0.105296
0.105277
0.105278
0.10528
0.105283
0.105287
0.105293
0.105299
0.105307
0.105314
0.105325
0.105334
0.105349
0.105358
0.105376
0.105386
0.105409
0.105417
0.105445
0.105453
0.105487
0.105493
0.105532
0.105536
0.105582
0.105561
0.105562
0.105564
0.105567
0.105571
0.105576
0.105582
0.10559
0.105598
0.105609
0.105617
0.105632
0.105641
0.105659
0.105668
0.105691
0.1057
0.105727
0.105735
0.105768
0.105774
0.105813
0.105817
0.105862
0.105839
0.10584
0.105842
0.105845
0.105849
0.105854
0.10586
0.105868
0.105875
0.105886
0.105894
0.105909
0.105917
0.105936
0.105944
0.105967
0.105975
0.106003
0.10601
0.106043
0.106049
0.106087
0.106091
0.106136
0.106111
0.106111
0.106113
0.106116
0.10612
0.106125
0.106131
0.106139
0.106146
0.106157
0.106165
0.106179
0.106188
0.106206
0.106215
0.106237
0.106245
0.106272
0.106279
0.106312
0.106317
0.106355
0.106359
0.106403
0.106377
0.106377
0.106379
0.106382
0.106386
0.106391
0.106397
0.106405
0.106412
0.106422
0.10643
0.106444
0.106453
0.10647
0.106479
0.106501
0.106509
0.106536
0.106543
0.106575
0.10658
0.106618
0.106621
0.106665
0.106637
0.106638
0.10664
0.106643
0.106647
0.106652
0.106657
0.106665
0.106672
0.106682
0.10669
0.106704
0.106712
0.10673
0.106738
0.10676
0.106768
0.106794
0.106801
0.106832
0.106838
0.106875
0.106878
0.106921
0.106893
0.106893
0.106895
0.106898
0.106902
0.106907
0.106912
0.10692
0.106927
0.106937
0.106945
0.106958
0.106967
0.106984
0.106992
0.107013
0.107021
0.107047
0.107054
0.107085
0.10709
0.107126
0.10713
0.107172
0.107143
0.107144
0.107146
0.107149
0.107152
0.107157
0.107163
0.10717
0.107177
0.107187
0.107195
0.107208
0.107216
0.107233
0.107241
0.107262
0.10727
0.107295
0.107302
0.107332
0.107337
0.107373
0.107376
0.107418
0.107389
0.10739
0.107392
0.107394
0.107398
0.107403
0.107408
0.107415
0.107422
0.107432
0.10744
0.107452
0.107461
0.107477
0.107485
0.107506
0.107514
0.107539
0.107545
0.107575
0.10758
0.107616
0.107619
0.10766
0.107631
0.107631
0.107633
0.107636
0.10764
0.107644
0.10765
0.107656
0.107663
0.107673
0.107681
0.107693
0.107701
0.107717
0.107726
0.107745
0.107753
0.107778
0.107784
0.107814
0.107819
0.107853
0.107856
0.107897
0.107868
0.107869
0.107871
0.107873
0.107877
0.107881
0.107887
0.107893
0.1079
0.107909
0.107917
0.107929
0.107938
0.107953
0.107962
0.107981
0.107989
0.108013
0.108019
0.108048
0.108053
0.108087
0.10809
0.10813
0.108102
0.108103
0.108104
0.108107
0.10811
0.108115
0.10812
0.108127
0.108133
0.108142
0.10815
0.108162
0.10817
0.108185
0.108194
0.108213
0.10822
0.108244
0.10825
0.108278
0.108284
0.108317
0.10832
0.108359
0.108332
0.108333
0.108334
0.108337
0.10834
0.108344
0.10835
0.108356
0.108363
0.108371
0.108379
0.108391
0.108399
0.108414
0.108422
0.10844
0.108448
0.108471
0.108478
0.108505
0.10851
0.108543
0.108546
0.108584
0.108559
0.108559
0.108561
0.108563
0.108567
0.108571
0.108576
0.108582
0.108589
0.108597
0.108605
0.108616
0.108625
0.108638
0.108647
0.108665
0.108673
0.108695
0.108702
0.108729
0.108734
0.108766
0.108769
0.108806
0.108782
0.108782
0.108784
0.108786
0.10879
0.108794
0.108799
0.108805
0.108812
0.10882
0.108828
0.108838
0.108847
0.10886
0.108869
0.108886
0.108894
0.108916
0.108923
0.108949
0.108954
0.108985
0.108988
0.109025
0.109002
0.109003
0.109004
0.109007
0.10901
0.109014
0.109019
0.109025
0.109031
0.109039
0.109047
0.109057
0.109066
0.109079
0.109088
0.109104
0.109113
0.109133
0.109141
0.109166
0.109171
0.109202
0.109205
0.109241
0.10922
0.10922
0.109222
0.109224
0.109227
0.109231
0.109236
0.109242
0.109248
0.109256
0.109264
0.109273
0.109282
0.109295
0.109304
0.109319
0.109328
0.109348
0.109356
0.10938
0.109386
0.109415
0.109419
0.109454
0.109435
0.109435
0.109437
0.109439
0.109442
0.109446
0.109451
0.109457
0.109463
0.10947
0.109478
0.109487
0.109496
0.109508
0.109517
0.109532
0.109541
0.10956
0.109568
0.109591
0.109598
0.109626
0.10963
0.109664
0.109648
0.109648
0.10965
0.109652
0.109655
0.109659
0.109663
0.109669
0.109675
0.109682
0.10969
0.109699
0.109708
0.109719
0.109729
0.109742
0.109752
0.10977
0.109778
0.1098
0.109807
0.109835
0.109839
0.109873
0.109859
0.109859
0.109861
0.109863
0.109866
0.109869
0.109874
0.109879
0.109885
0.109892
0.1099
0.109908
0.109917
0.109928
0.109937
0.10995
0.109961
0.109977
0.109986
0.110007
0.110015
0.110041
0.110045
0.110079
0.110068
0.110069
0.11007
0.110072
0.110075
0.110078
0.110083
0.110088
0.110094
0.1101
0.110108
0.110116
0.110125
0.110135
0.110144
0.110157
0.110167
0.110183
0.110192
0.110212
0.11022
0.110246
0.11025
0.110282
0.110276
0.110277
0.110278
0.11028
0.110283
0.110286
0.11029
0.110295
0.110301
0.110307
0.110314
0.110322
0.110331
0.11034
0.11035
0.110362
0.110372
0.110387
0.110397
0.110416
0.110424
0.110448
0.110453
0.110484
0.110484
0.110485
0.110486
0.110488
0.11049
0.110494
0.110498
0.110502
0.110508
0.110514
0.110521
0.110528
0.110536
0.110545
0.110555
0.110566
0.110576
0.11059
0.110599
0.110618
0.110626
0.11065
0.110654
0.110685
0.110692
0.110692
0.110693
0.110695
0.110698
0.110701
0.110704
0.110709
0.110714
0.11072
0.110726
0.110733
0.110741
0.11075
0.110758
0.11077
0.110778
0.110793
0.110801
0.11082
0.110826
0.11085
0.110853
0.110883
0.110899
0.110899
0.1109
0.110902
0.110905
0.110907
0.110911
0.110915
0.11092
0.110925
0.110931
0.110938
0.110945
0.110954
0.110962
0.110972
0.11098
0.110995
0.111001
0.11102
0.111024
0.111048
0.111051
0.11108
0.111105
0.111105
0.111106
0.111108
0.11111
0.111113
0.111116
0.11112
0.111124
0.111129
0.111135
0.111141
0.111148
0.111155
0.111163
0.111172
0.111181
0.111193
0.1112
0.111216
0.111222
0.111243
0.111246
0.111273
0.111307
0.111307
0.111308
0.11131
0.111312
0.111314
0.111317
0.111321
0.111325
0.11133
0.111335
0.111341
0.111347
0.111353
0.111361
0.111369
0.111378
0.111386
0.111396
0.111408
0.111415
0.111433
0.111436
0.111461
0.111504
0.111505
0.111505
0.111507
0.111509
0.111511
0.111514
0.111517
0.111521
0.111525
0.11153
0.111535
0.11154
0.111547
0.111553
0.11156
0.111568
0.111576
0.111585
0.111594
0.111603
0.111617
0.111622
0.111644
0.1117
0.1117
0.111701
0.111702
0.111704
0.111706
0.111709
0.111711
0.111715
0.111719
0.111723
0.111727
0.111732
0.111737
0.111743
0.111749
0.111756
0.111763
0.11177
0.111778
0.111786
0.111797
0.111803
0.111823
0.111902
0.111902
0.111903
0.111904
0.111906
0.111907
0.11191
0.111912
0.111915
0.111918
0.111922
0.111925
0.11193
0.111934
0.111938
0.111943
0.111948
0.111953
0.111959
0.111965
0.111971
0.111979
0.111984
0.112001
0.11211
0.11211
0.112111
0.112112
0.112113
0.112115
0.112117
0.112119
0.112121
0.112124
0.112127
0.11213
0.112133
0.112136
0.112139
0.112143
0.112146
0.112149
0.112152
0.112156
0.112159
0.112162
0.112165
0.11217
0.112286
0.112287
0.112287
0.112288
0.11229
0.112291
0.112293
0.112295
0.112298
0.1123
0.112303
0.112306
0.112309
0.112312
0.112315
0.112318
0.112321
0.112324
0.112326
0.112329
0.112331
0.112334
0.112336
0.11234
)
;

boundaryField
{
    asym1
    {
        type            wedge;
    }
    asym2
    {
        type            wedge;
    }
    inlet
    {
        type            calculated;
        value           nonuniform List<scalar> 
24
(
0.112355
0.112355
0.112356
0.112357
0.112358
0.11236
0.112362
0.112365
0.112367
0.11237
0.112373
0.112377
0.11238
0.112384
0.112387
0.112391
0.112395
0.112398
0.112402
0.112405
0.112408
0.112412
0.112414
0.11242
)
;
    }
    nozzle
    {
        type            calculated;
        value           nonuniform List<scalar> 
174
(
0.11234
0.11217
0.112001
0.111823
0.111644
0.111461
0.111273
0.11108
0.110883
0.110685
0.110484
0.110282
0.110079
0.109873
0.109664
0.109454
0.109241
0.109025
0.108806
0.108584
0.108359
0.10813
0.107897
0.10766
0.107418
0.107172
0.106921
0.106665
0.106403
0.106136
0.105862
0.105582
0.105296
0.105002
0.104701
0.104391
0.104074
0.103748
0.103413
0.103068
0.102713
0.102348
0.101972
0.101584
0.101184
0.100772
0.100346
0.0999074
0.0994543
0.0989866
0.0985032
0.0980037
0.0974871
0.0969534
0.0964016
0.0958319
0.0952425
0.0946351
0.0940048
0.0933593
0.0926834
0.0920014
0.0912735
0.0905584
0.0897729
0.0890258
0.0881841
0.0873984
0.0865142
0.0856788
0.0847648
0.0838753
0.0829349
0.0819993
0.081032
0.0800654
0.0790735
0.0780852
0.0770783
0.0760801
0.0750715
0.074078
0.0730832
0.0721135
0.0711531
0.0702226
0.0693624
0.068585
0.06783
0.0670968
0.0663557
0.0656267
0.0648857
0.0641558
0.0634119
0.0626894
0.0619693
0.0612747
0.0605772
0.0599045
0.0592287
0.0585795
0.057927
0.0573026
0.0566746
0.0560764
0.0554742
0.0549031
0.0543277
0.0537848
0.0532373
0.0527231
0.0522044
0.0517194
0.0512305
0.0507747
0.0503166
0.0498897
0.0494632
0.049065
0.0486706
0.0483005
0.0479385
0.0475964
0.0472656
0.0469527
0.0466507
0.0463682
0.0460937
0.0458398
0.0455948
0.0453679
0.0451534
0.0449526
0.0447637
0.0445881
0.0444249
0.0442747
0.0441357
0.0440087
0.0438924
0.0437872
0.0436918
0.0436064
0.0435296
0.0434615
0.0434011
0.0433482
0.0433019
0.0432622
0.0432278
0.0431981
0.0431724
0.0431499
0.04313
0.043112
0.0430942
0.0430766
0.0430599
0.0430401
0.0430154
0.0429894
0.0429525
0.0429184
0.0428652
0.0428119
0.0427339
0.0426643
0.0425557
0.0424515
0.0423055
0.0421693
0.0419315
0.0421118
)
;
    }
    outlet
    {
        type            calculated;
        value           nonuniform List<scalar> 
24
(
0.040859
0.0408557
0.0408576
0.0408603
0.0408638
0.0408679
0.0408731
0.0408787
0.0408856
0.0408929
0.0409014
0.0409108
0.0409205
0.0409325
0.0409427
0.0409583
0.0409679
0.0409884
0.0409964
0.0410224
0.0410281
0.0410591
0.0410616
0.0410953
)
;
    }
}


// ************************************************************************* //
