/*--------------------------------*- C++ -*----------------------------------*\
  =========                 |
  \\      /  F ield         | OpenFOAM: The Open Source CFD Toolbox
   \\    /   O peration     | Website:  https://openfoam.org
    \\  /    A nd           | Version:  10
     \\/     M anipulation  |
\*---------------------------------------------------------------------------*/
FoamFile
{
    format      ascii;
    class       volScalarField;
    location    "0.1";
    object      rho;
}
// * * * * * * * * * * * * * * * * * * * * * * * * * * * * * * * * * * * * * //

dimensions      [1 -3 0 0 0 0 0];

internalField   nonuniform List<scalar> 
4176
(
0.0309632
0.0309659
0.0309729
0.0309817
0.0309963
0.0310107
0.0310329
0.0310529
0.0310823
0.0311082
0.031144
0.0311767
0.0312175
0.0312583
0.0313017
0.0313533
0.031395
0.0314624
0.0314997
0.0315845
0.0316155
0.0317194
0.0317391
0.0318516
0.0309467
0.0309491
0.0309552
0.0309636
0.0309762
0.03099
0.0310091
0.0310283
0.0310537
0.0310784
0.0311098
0.0311402
0.0311768
0.0312141
0.0312538
0.0313002
0.0313387
0.0313989
0.0314333
0.0315096
0.0315359
0.0316352
0.0316555
0.0317828
0.0309707
0.0309732
0.0309795
0.0309881
0.0310013
0.0310155
0.0310355
0.0310551
0.0310818
0.031107
0.03114
0.0311711
0.0312095
0.0312476
0.0312896
0.031337
0.0313778
0.0314405
0.0314751
0.0315548
0.0315815
0.0316793
0.0316978
0.0318174
0.0309912
0.0309935
0.0309997
0.0310081
0.0310209
0.0310347
0.0310542
0.0310732
0.0310994
0.0311236
0.0311562
0.031186
0.0312241
0.0312605
0.0313023
0.031348
0.0313884
0.0314513
0.0314814
0.0315634
0.0315879
0.0316844
0.0317018
0.0318123
0.0310278
0.0310302
0.0310363
0.0310447
0.0310575
0.0310713
0.0310907
0.0311099
0.0311358
0.0311603
0.0311926
0.0312227
0.0312605
0.0312971
0.0313389
0.0313839
0.0314265
0.0314862
0.0315197
0.0315997
0.0316259
0.0317219
0.0317407
0.0318533
0.0310731
0.0310754
0.0310814
0.0310898
0.0311023
0.0311161
0.031135
0.0311541
0.0311796
0.031204
0.0312356
0.0312655
0.0313027
0.0313389
0.0313804
0.0314244
0.0314674
0.0315242
0.0315611
0.0316373
0.0316644
0.0317592
0.0317789
0.0318924
0.031129
0.0311313
0.0311373
0.0311455
0.0311579
0.0311716
0.0311904
0.0312093
0.0312345
0.0312587
0.03129
0.0313196
0.0313566
0.0313923
0.0314336
0.0314769
0.0315201
0.0315753
0.0316131
0.0316874
0.0317156
0.0318089
0.0318289
0.0319411
0.031196
0.0311982
0.0312041
0.0312123
0.0312246
0.0312381
0.0312567
0.0312754
0.0313002
0.0313241
0.0313551
0.0313843
0.0314209
0.0314561
0.0314972
0.0315395
0.0315829
0.0316362
0.0316753
0.031747
0.0317763
0.0318681
0.0318886
0.0319988
0.0312725
0.0312748
0.0312806
0.0312887
0.0313008
0.0313142
0.0313325
0.031351
0.0313755
0.0313991
0.0314297
0.0314585
0.0314947
0.0315293
0.0315701
0.0316116
0.031655
0.0317065
0.0317465
0.0318158
0.031846
0.0319359
0.0319568
0.0320661
0.0313606
0.0313628
0.0313686
0.0313766
0.0313885
0.0314018
0.0314199
0.0314382
0.0314624
0.0314856
0.0315159
0.0315442
0.03158
0.0316139
0.0316544
0.031695
0.0317383
0.0317883
0.031829
0.0318959
0.0319274
0.0320145
0.0320361
0.0321428
0.0314582
0.0314604
0.0314661
0.031474
0.0314858
0.0314988
0.0315166
0.0315347
0.0315585
0.0315814
0.0316112
0.0316391
0.0316744
0.0317076
0.0317477
0.0317873
0.0318304
0.0318789
0.0319201
0.0319846
0.0320168
0.0321017
0.0321237
0.0322292
0.0315675
0.0315696
0.0315752
0.031583
0.0315946
0.0316075
0.0316251
0.0316428
0.0316663
0.0316889
0.0317183
0.0317456
0.0317805
0.031813
0.0318527
0.0318913
0.0319342
0.0319812
0.0320228
0.0320849
0.0321178
0.0322003
0.0322225
0.0323251
0.0316864
0.0316885
0.031694
0.0317017
0.0317131
0.0317257
0.031743
0.0317604
0.0317836
0.0318056
0.0318346
0.0318613
0.0318957
0.0319275
0.0319666
0.0320042
0.0320467
0.0320922
0.0321341
0.0321938
0.0322273
0.0323072
0.0323297
0.0324309
0.0318171
0.0318191
0.0318245
0.0318321
0.0318433
0.0318557
0.0318727
0.0318898
0.0319125
0.0319342
0.0319626
0.0319888
0.0320227
0.0320537
0.0320924
0.0321289
0.032171
0.032215
0.0322571
0.0323145
0.0323485
0.0324259
0.0324483
0.0325463
0.0319575
0.0319596
0.0319649
0.0319723
0.0319833
0.0319954
0.032012
0.0320288
0.032051
0.0320722
0.0321001
0.0321257
0.032159
0.0321891
0.0322272
0.0322626
0.0323042
0.0323467
0.0323887
0.0324437
0.0324782
0.032553
0.0325754
0.0326718
0.0321099
0.0321119
0.0321171
0.0321243
0.0321351
0.032147
0.0321632
0.0321796
0.0322014
0.0322221
0.0322494
0.0322744
0.032307
0.0323364
0.0323738
0.0324082
0.0324492
0.0324903
0.0325321
0.0325847
0.0326197
0.0326916
0.0327144
0.0328071
0.0322723
0.0322742
0.0322793
0.0322864
0.0322969
0.0323085
0.0323244
0.0323403
0.0323616
0.0323817
0.0324084
0.0324326
0.0324645
0.032493
0.0325297
0.032563
0.0326034
0.0326429
0.0326844
0.0327346
0.0327699
0.0328388
0.032862
0.0329528
0.0324467
0.0324485
0.0324535
0.0324604
0.0324707
0.032482
0.0324975
0.0325129
0.0325337
0.0325532
0.0325793
0.0326028
0.032634
0.0326616
0.0326975
0.0327296
0.0327694
0.0328074
0.0328485
0.0328963
0.0329319
0.0329979
0.0330215
0.0331082
0.0326313
0.0326332
0.032638
0.0326448
0.0326547
0.0326657
0.0326807
0.0326957
0.0327159
0.0327347
0.0327601
0.0327827
0.0328132
0.0328397
0.0328748
0.0329057
0.0329446
0.032981
0.0330216
0.0330671
0.0331029
0.0331658
0.0331897
0.0332743
0.0328282
0.0328299
0.0328346
0.0328412
0.0328508
0.0328615
0.032876
0.0328905
0.0329101
0.0329284
0.032953
0.0329748
0.0330044
0.0330299
0.0330642
0.0330938
0.0331319
0.0331667
0.0332068
0.0332498
0.0332858
0.0333456
0.0333699
0.0334502
0.0330355
0.0330373
0.0330418
0.0330482
0.0330574
0.0330677
0.0330818
0.0330957
0.0331147
0.0331321
0.033156
0.0331769
0.0332056
0.03323
0.0332633
0.0332915
0.0333287
0.0333618
0.0334011
0.0334418
0.0334778
0.0335345
0.033559
0.0336371
0.0332552
0.0332569
0.0332612
0.0332674
0.0332763
0.0332862
0.0332997
0.0333131
0.0333314
0.0333482
0.0333713
0.0333913
0.0334191
0.0334424
0.0334746
0.0335015
0.0335377
0.0335691
0.0336076
0.0336461
0.0336819
0.0337354
0.0337602
0.0338337
0.0334857
0.0334873
0.0334915
0.0334974
0.033506
0.0335154
0.0335284
0.0335412
0.0335587
0.0335747
0.0335969
0.0336159
0.0336427
0.0336648
0.033696
0.0337214
0.0337565
0.0337862
0.0338237
0.0338598
0.0338954
0.0339456
0.0339705
0.0340416
0.0337286
0.0337302
0.0337341
0.0337398
0.033748
0.0337569
0.0337694
0.0337816
0.0337984
0.0338136
0.0338349
0.0338529
0.0338787
0.0338996
0.0339298
0.0339538
0.0339877
0.0340157
0.0340522
0.034086
0.0341213
0.0341681
0.0341931
0.0342594
0.0339826
0.0339841
0.0339878
0.0339932
0.034001
0.0340095
0.0340214
0.0340328
0.0340489
0.0340631
0.0340835
0.0341005
0.0341252
0.0341448
0.0341738
0.0341963
0.034229
0.0342551
0.0342905
0.034322
0.0343568
0.0344002
0.0344251
0.0344887
0.034249
0.0342504
0.034254
0.0342591
0.0342665
0.0342746
0.0342858
0.0342966
0.0343119
0.0343253
0.0343447
0.0343606
0.0343843
0.0344026
0.0344304
0.0344514
0.034483
0.0345072
0.0345415
0.0345706
0.0346049
0.034645
0.0346697
0.0347283
0.0345267
0.0345281
0.0345315
0.0345363
0.0345433
0.0345509
0.0345615
0.0345716
0.034586
0.0345985
0.0346168
0.0346316
0.0346541
0.0346711
0.0346976
0.034717
0.0347472
0.0347696
0.0348027
0.0348294
0.0348628
0.0348994
0.0349241
0.0349803
0.0348171
0.0348183
0.0348215
0.0348261
0.0348327
0.0348398
0.0348498
0.0348592
0.0348728
0.0348844
0.0349017
0.0349154
0.0349367
0.0349523
0.0349776
0.0349954
0.0350243
0.0350448
0.0350767
0.035101
0.0351335
0.0351667
0.0351914
0.0352422
0.0351189
0.0351201
0.0351231
0.0351274
0.0351336
0.0351401
0.0351495
0.0351582
0.0351709
0.0351815
0.0351978
0.0352102
0.0352303
0.0352445
0.0352684
0.0352845
0.035312
0.0353305
0.035361
0.035383
0.0354145
0.0354441
0.0354688
0.0355165
0.0354335
0.0354346
0.0354374
0.0354414
0.0354471
0.0354532
0.0354619
0.0354699
0.0354818
0.0354915
0.0355068
0.0355181
0.035537
0.0355497
0.0355723
0.0355867
0.0356129
0.0356294
0.0356585
0.0356781
0.0357086
0.0357347
0.0357592
0.0358013
0.0357598
0.0357609
0.0357635
0.0357672
0.0357725
0.035778
0.0357861
0.0357933
0.0358043
0.035813
0.0358272
0.0358373
0.0358549
0.0358662
0.0358874
0.0359
0.0359247
0.035939
0.0359668
0.0359839
0.0360131
0.0360358
0.0360601
0.0360992
0.0360989
0.0360999
0.0361023
0.0361057
0.0361106
0.0361156
0.0361231
0.0361296
0.0361398
0.0361475
0.0361607
0.0361696
0.036186
0.0361959
0.0362157
0.0362266
0.0362498
0.0362621
0.0362884
0.036303
0.036331
0.0363505
0.0363745
0.0364077
0.0364501
0.036451
0.0364532
0.0364563
0.0364607
0.0364652
0.036472
0.0364777
0.036487
0.0364938
0.0365059
0.0365135
0.0365287
0.0365371
0.0365555
0.0365646
0.0365863
0.0365965
0.0366212
0.0366332
0.0366598
0.036676
0.0366997
0.0367297
0.0368141
0.036815
0.036817
0.0368198
0.0368238
0.0368278
0.0368339
0.0368389
0.0368474
0.0368532
0.0368643
0.0368708
0.0368847
0.0368917
0.0369088
0.0369161
0.0369365
0.0369445
0.0369677
0.0369772
0.0370023
0.0370153
0.0370387
0.0370625
0.0371904
0.0371913
0.037193
0.0371956
0.0371991
0.0372026
0.037208
0.0372123
0.0372198
0.0372247
0.0372346
0.0372398
0.0372526
0.037258
0.0372737
0.0372792
0.0372981
0.037304
0.0373257
0.0373325
0.0373562
0.0373659
0.0373886
0.0374092
0.0375797
0.0375805
0.0375821
0.0375844
0.0375875
0.0375905
0.0375953
0.0375989
0.0376055
0.0376095
0.0376184
0.0376224
0.0376339
0.0376379
0.0376523
0.0376561
0.0376735
0.0376773
0.0376976
0.0377019
0.0377242
0.0377307
0.0377525
0.0377669
0.0379815
0.0379822
0.0379836
0.0379856
0.0379884
0.0379909
0.037995
0.0379978
0.0380036
0.0380066
0.0380144
0.0380172
0.0380274
0.0380298
0.0380428
0.0380447
0.0380607
0.0380623
0.0380811
0.0380829
0.0381038
0.0381071
0.0381277
0.0381388
0.0383965
0.0383971
0.0383983
0.0384001
0.0384024
0.0384045
0.038408
0.0384102
0.0384151
0.0384172
0.0384239
0.0384256
0.0384346
0.0384356
0.0384472
0.0384473
0.0384618
0.0384613
0.0384787
0.0384779
0.0384975
0.0384977
0.0385173
0.0385222
0.0388242
0.0388248
0.0388259
0.0388273
0.0388292
0.0388308
0.0388337
0.0388351
0.0388393
0.0388403
0.038846
0.0388464
0.0388542
0.0388536
0.0388638
0.0388621
0.0388751
0.0388723
0.0388882
0.0388847
0.0389029
0.0389
0.0389187
0.0389202
0.0392653
0.0392659
0.0392667
0.0392679
0.0392694
0.0392706
0.0392728
0.0392736
0.0392769
0.0392771
0.0392818
0.0392811
0.0392876
0.0392857
0.0392945
0.039291
0.0393026
0.0392976
0.039312
0.0393059
0.0393226
0.0393166
0.0393342
0.0393302
0.0397195
0.03972
0.0397207
0.0397216
0.0397227
0.0397233
0.039725
0.039725
0.0397275
0.0397267
0.0397304
0.0397284
0.0397337
0.0397302
0.0397378
0.0397323
0.0397425
0.0397351
0.0397481
0.0397391
0.0397545
0.0397451
0.0397614
0.0397551
0.0401872
0.0401877
0.0401881
0.0401888
0.0401895
0.0401897
0.0401907
0.0401901
0.0401917
0.0401901
0.0401927
0.0401897
0.0401938
0.0401889
0.0401951
0.040188
0.0401968
0.0401872
0.0401988
0.040187
0.0402012
0.0401883
0.0402035
0.0401916
0.0406683
0.0406687
0.040669
0.0406694
0.0406697
0.0406693
0.0406697
0.0406684
0.0406692
0.0406665
0.0406681
0.0406638
0.0406668
0.0406603
0.0406653
0.0406562
0.0406637
0.0406517
0.0406621
0.0406473
0.0406603
0.0406437
0.0406581
0.0406428
0.0411631
0.0411634
0.0411635
0.0411637
0.0411635
0.0411628
0.0411625
0.0411605
0.0411604
0.0411569
0.0411575
0.0411521
0.0411538
0.041146
0.0411496
0.0411388
0.041145
0.0411308
0.04114
0.0411224
0.0411344
0.0411142
0.0411279
0.0411065
0.0416715
0.0416718
0.0416717
0.0416716
0.041671
0.0416698
0.0416688
0.0416661
0.0416652
0.0416607
0.0416602
0.0416535
0.041654
0.0416446
0.0416469
0.0416342
0.041639
0.0416225
0.0416305
0.0416099
0.041621
0.0415971
0.0416102
0.0415857
0.0421938
0.042194
0.0421937
0.0421934
0.0421924
0.0421906
0.042189
0.0421857
0.0421839
0.0421785
0.0421769
0.0421691
0.0421684
0.0421576
0.0421586
0.0421441
0.0421476
0.0421289
0.0421356
0.0421122
0.0421225
0.0420948
0.0421076
0.0420769
0.0427298
0.0427301
0.0427296
0.0427289
0.0427275
0.0427252
0.042723
0.0427188
0.0427162
0.0427098
0.0427072
0.0426981
0.0426962
0.0426838
0.0426835
0.042667
0.0426692
0.042648
0.0426536
0.042627
0.0426367
0.0426049
0.042618
0.0425831
0.0432798
0.0432799
0.0432792
0.0432783
0.0432765
0.0432738
0.0432709
0.0432661
0.0432625
0.0432553
0.0432516
0.0432414
0.0432382
0.0432245
0.0432228
0.0432046
0.0432055
0.0431819
0.0431865
0.0431568
0.0431658
0.0431297
0.0431435
0.0431023
0.0438436
0.0438437
0.0438428
0.0438416
0.0438393
0.0438361
0.0438326
0.043827
0.0438226
0.0438143
0.0438096
0.0437981
0.0437938
0.0437783
0.0437755
0.0437552
0.043755
0.0437288
0.0437325
0.0436994
0.0437079
0.0436675
0.0436816
0.0436365
0.0444212
0.0444212
0.0444202
0.0444187
0.044416
0.0444124
0.0444082
0.0444019
0.0443967
0.0443875
0.0443818
0.0443691
0.0443637
0.0443468
0.0443427
0.0443205
0.0443192
0.0442905
0.0442934
0.0442569
0.0442656
0.0442204
0.0442346
0.0441837
0.0450126
0.0450126
0.0450114
0.0450097
0.0450065
0.0450024
0.0449976
0.0449906
0.0449845
0.0449743
0.0449676
0.0449536
0.0449471
0.0449285
0.0449234
0.0448989
0.0448968
0.0448651
0.0448676
0.0448269
0.0448368
0.0447862
0.0448005
0.044746
0.0456177
0.0456176
0.0456162
0.0456143
0.0456107
0.0456062
0.0456007
0.0455931
0.0455862
0.0455751
0.0455675
0.0455523
0.0455448
0.0455246
0.0455185
0.045492
0.0454891
0.0454546
0.0454569
0.0454124
0.045422
0.0453679
0.0453816
0.0453218
0.0462364
0.0462363
0.0462347
0.0462326
0.0462286
0.0462236
0.0462175
0.0462092
0.0462016
0.0461895
0.046181
0.0461644
0.0461561
0.0461339
0.0461273
0.0460981
0.046095
0.0460569
0.04606
0.0460109
0.0460202
0.0459626
0.0459757
0.0459126
0.0468685
0.0468684
0.0468666
0.0468642
0.0468598
0.0468545
0.0468478
0.0468389
0.0468306
0.0468176
0.0468084
0.0467904
0.0467815
0.0467574
0.0467505
0.0467186
0.0467157
0.0466739
0.0466771
0.0466251
0.0466334
0.0465727
0.046585
0.0465171
0.0475139
0.0475138
0.0475119
0.0475093
0.0475045
0.0474988
0.0474915
0.047482
0.047473
0.0474589
0.0474492
0.0474296
0.0474205
0.0473939
0.0473873
0.0473521
0.0473497
0.0473044
0.047307
0.0472525
0.0472597
0.047196
0.0472076
0.0471364
0.0481724
0.0481722
0.0481701
0.0481673
0.0481622
0.0481562
0.0481484
0.0481383
0.0481288
0.0481136
0.0481038
0.0480822
0.0480736
0.048044
0.0480384
0.0479999
0.0479973
0.0479503
0.0479515
0.0478949
0.0479009
0.0478344
0.0478452
0.0477697
0.0488435
0.0488435
0.0488412
0.0488384
0.0488329
0.0488266
0.0488183
0.0488075
0.0487979
0.0487812
0.0487718
0.0487477
0.0487397
0.0487079
0.0487015
0.0486617
0.0486578
0.0486091
0.048609
0.0485503
0.0485552
0.048486
0.0484962
0.0484175
0.0495275
0.0495275
0.0495248
0.0495222
0.0495161
0.0495098
0.049501
0.0494894
0.0494801
0.0494618
0.0494525
0.0494273
0.0494184
0.0493858
0.0493782
0.0493375
0.0493323
0.0492823
0.0492809
0.0492205
0.0492242
0.0491526
0.0491618
0.0490793
0.0502238
0.0502239
0.0502209
0.0502185
0.0502118
0.0502057
0.0501961
0.0501845
0.0501743
0.0501557
0.0501455
0.0501197
0.0501099
0.0500765
0.0500678
0.050026
0.0500196
0.0499682
0.0499657
0.0499035
0.0499061
0.0498322
0.0498408
0.0497553
0.0509324
0.0509324
0.0509295
0.0509267
0.05092
0.0509136
0.0509034
0.0508924
0.0508809
0.0508622
0.0508513
0.050825
0.0508144
0.0507804
0.0507707
0.0507281
0.0507206
0.0506682
0.0506645
0.0506008
0.0506023
0.0505263
0.050534
0.0504453
0.0516528
0.051653
0.0516501
0.0516472
0.0516404
0.0516337
0.0516231
0.0516123
0.0515993
0.0515816
0.0515692
0.0515427
0.0515313
0.0514967
0.051486
0.0514426
0.0514342
0.0513806
0.0513759
0.0513107
0.0513112
0.0512331
0.0512403
0.0511487
0.0523853
0.0523854
0.0523825
0.0523795
0.0523727
0.0523659
0.0523551
0.0523441
0.0523302
0.0523131
0.052299
0.0522733
0.0522608
0.0522257
0.0522143
0.0521703
0.0521608
0.0521064
0.0521006
0.0520342
0.0520338
0.0519539
0.0519602
0.051866
0.0531294
0.0531296
0.0531267
0.0531236
0.0531167
0.0531098
0.0530987
0.0530878
0.0530732
0.0530565
0.053041
0.053016
0.0530019
0.0529667
0.0529545
0.0529099
0.0528995
0.0528442
0.0528375
0.0527698
0.0527685
0.052687
0.0526928
0.052596
0.0538853
0.0538854
0.0538826
0.0538795
0.0538725
0.0538655
0.0538543
0.0538432
0.0538282
0.0538116
0.0537953
0.0537705
0.0537551
0.0537204
0.053707
0.0536619
0.0536507
0.0535947
0.053587
0.0535184
0.0535162
0.0534332
0.053438
0.0533394
0.0546527
0.0546529
0.0546501
0.054647
0.0546398
0.0546328
0.0546213
0.0546102
0.0545947
0.0545784
0.0545611
0.0545365
0.05452
0.0544854
0.0544709
0.0544253
0.0544134
0.0543565
0.0543481
0.0542784
0.0542753
0.0541911
0.0541955
0.0540945
0.055432
0.0554322
0.0554293
0.0554262
0.0554189
0.0554118
0.0554001
0.0553888
0.055373
0.0553566
0.0553386
0.0553141
0.0552967
0.0552618
0.0552465
0.0552006
0.0551878
0.0551303
0.055121
0.0550506
0.0550466
0.0549611
0.0549646
0.0548623
0.0562227
0.0562231
0.0562201
0.056217
0.0562095
0.0562024
0.0561903
0.0561789
0.0561625
0.0561462
0.0561271
0.0561027
0.0560843
0.0560492
0.0560331
0.0559866
0.0559731
0.0559147
0.0559047
0.0558334
0.0558285
0.0557422
0.0557452
0.055641
0.0570253
0.0570257
0.0570225
0.0570194
0.0570117
0.0570043
0.0569919
0.0569802
0.0569633
0.0569467
0.0569266
0.0569023
0.0568828
0.0568475
0.0568306
0.0567834
0.0567693
0.0567103
0.0566994
0.0566274
0.0566217
0.0565345
0.0565365
0.0564315
0.0578391
0.0578396
0.0578362
0.057833
0.0578249
0.0578173
0.0578044
0.0577923
0.0577747
0.0577578
0.0577366
0.0577125
0.0576914
0.0576562
0.0576381
0.0575904
0.0575758
0.0575159
0.0575042
0.0574316
0.057425
0.0573372
0.0573388
0.0572323
0.0586639
0.0586644
0.0586608
0.0586574
0.0586489
0.0586408
0.0586274
0.0586148
0.0585965
0.0585791
0.0585568
0.0585327
0.05851
0.0584752
0.0584556
0.0584077
0.0583923
0.0583317
0.0583193
0.0582462
0.0582389
0.0581505
0.0581512
0.0580443
0.0594984
0.059499
0.0594952
0.0594914
0.0594827
0.0594741
0.0594602
0.0594469
0.059428
0.05941
0.0593867
0.0593627
0.059338
0.059304
0.0592822
0.059235
0.059218
0.0591572
0.0591442
0.0590708
0.0590625
0.0589739
0.0589742
0.0588663
0.0603412
0.0603417
0.0603379
0.0603338
0.0603249
0.0603158
0.0603016
0.0602877
0.0602683
0.0602497
0.0602257
0.0602015
0.0601753
0.060142
0.060118
0.060072
0.0600527
0.0599929
0.059979
0.0599054
0.0598965
0.0598076
0.0598071
0.0596994
0.0611902
0.0611906
0.061187
0.0611827
0.0611739
0.0611646
0.0611502
0.0611362
0.0611165
0.0610976
0.0610731
0.0610489
0.0610216
0.0609891
0.060963
0.0609185
0.0608972
0.0608382
0.0608232
0.0607498
0.0607402
0.0606517
0.0606509
0.0605427
0.0620429
0.0620434
0.06204
0.0620359
0.0620273
0.0620182
0.0620042
0.0619904
0.061971
0.0619524
0.061928
0.0619041
0.0618763
0.0618447
0.0618172
0.0617744
0.061751
0.0616937
0.0616769
0.0616048
0.0615946
0.0615062
0.0615052
0.0613974
0.062898
0.0628986
0.0628956
0.0628919
0.062884
0.0628756
0.0628625
0.0628495
0.062831
0.0628133
0.0627897
0.0627667
0.0627393
0.0627089
0.0626808
0.0626398
0.0626148
0.0625595
0.062541
0.0624702
0.0624595
0.0623716
0.0623706
0.0622629
0.0637537
0.0637546
0.0637521
0.0637492
0.0637423
0.0637351
0.0637233
0.0637118
0.0636948
0.0636788
0.0636567
0.0636356
0.0636095
0.0635809
0.0635534
0.0635146
0.0634889
0.0634361
0.0634166
0.0633464
0.063336
0.0632482
0.0632472
0.0631402
0.0646121
0.0646132
0.0646114
0.0646094
0.0646036
0.0645979
0.0645877
0.064578
0.0645631
0.0645492
0.0645293
0.0645105
0.0644864
0.0644604
0.0644345
0.0643983
0.0643732
0.0643233
0.0643033
0.0642351
0.0642242
0.0641365
0.0641356
0.0640284
0.065475
0.0654765
0.0654752
0.0654742
0.0654695
0.0654652
0.0654566
0.0654488
0.0654359
0.0654244
0.0654069
0.065391
0.0653693
0.0653462
0.0653229
0.0652897
0.0652668
0.0652198
0.0652014
0.0651353
0.0651256
0.0650377
0.0650371
0.064929
0.0663495
0.0663515
0.0663503
0.0663502
0.0663459
0.066343
0.0663351
0.0663291
0.0663174
0.066308
0.0662922
0.0662787
0.0662591
0.0662387
0.0662187
0.0661872
0.0661689
0.0661228
0.0661094
0.0660442
0.0660386
0.0659518
0.0659524
0.0658436
0.0672418
0.0672446
0.0672425
0.0672438
0.0672383
0.0672372
0.0672278
0.0672242
0.067211
0.0672042
0.067188
0.0671765
0.0671579
0.067139
0.0671231
0.0670891
0.0670804
0.0670287
0.0670261
0.0669581
0.0669597
0.0668752
0.0668794
0.0667763
0.0681629
0.0681652
0.068164
0.0681633
0.0681588
0.0681549
0.0681468
0.0681399
0.068128
0.0681183
0.0681025
0.0680898
0.0680705
0.0680534
0.0680348
0.0680037
0.0679945
0.0679451
0.0679436
0.0678779
0.0678827
0.0678002
0.0678092
0.0677138
0.0691194
0.0691214
0.0691196
0.0691179
0.069112
0.0691064
0.0690962
0.0690871
0.0690726
0.0690602
0.0690418
0.0690264
0.0690044
0.0689855
0.0689621
0.0689343
0.0689176
0.0688717
0.0688685
0.0688021
0.0688091
0.0687247
0.0687372
0.068642
0.0701194
0.0701211
0.0701184
0.0701154
0.0701075
0.0700994
0.0700862
0.0700736
0.0700551
0.0700384
0.0700153
0.069995
0.0699678
0.0699441
0.0699148
0.0698839
0.0698602
0.0698142
0.0698043
0.0697353
0.0697423
0.0696531
0.0696677
0.0695685
0.0711648
0.0711668
0.0711627
0.0711587
0.0711483
0.071138
0.0711211
0.071105
0.0710817
0.0710604
0.071031
0.071005
0.0709706
0.0709401
0.0709026
0.0708645
0.0708328
0.070779
0.0707631
0.0706851
0.0706898
0.0705917
0.0706072
0.0704995
0.0722569
0.0722593
0.0722535
0.072249
0.0722361
0.072224
0.0722031
0.0721846
0.0721551
0.0721311
0.0720932
0.0720635
0.0720191
0.071982
0.071935
0.0718873
0.0718471
0.0717784
0.0717555
0.0716638
0.0716609
0.0715497
0.0715626
0.0714413
0.0733919
0.0733936
0.0733885
0.0733816
0.0733687
0.0733534
0.0733319
0.0733086
0.0732784
0.0732472
0.0732082
0.0731695
0.0731219
0.0730758
0.0730202
0.0729663
0.0729085
0.0728349
0.0727945
0.0726899
0.0726726
0.0725425
0.0725473
0.0724039
0.0745628
0.0745644
0.0745593
0.0745517
0.0745381
0.0745217
0.0744988
0.0744738
0.0744415
0.0744079
0.0743659
0.0743238
0.074272
0.074221
0.0741597
0.0740991
0.0740299
0.0739559
0.0738876
0.0737852
0.0737414
0.073594
0.0735821
0.0734058
0.0757629
0.0757643
0.0757592
0.0757516
0.0757378
0.0757211
0.0756979
0.0756724
0.0756394
0.075605
0.075562
0.0755185
0.0754651
0.075412
0.0753483
0.0752844
0.0752113
0.0751329
0.0750543
0.0749537
0.0748803
0.0747357
0.0746969
0.0744828
0.0769813
0.0769829
0.0769782
0.0769707
0.0769572
0.0769408
0.076918
0.0768928
0.0768603
0.0768263
0.0767838
0.0767407
0.0766878
0.0766352
0.0765718
0.0765085
0.0764355
0.0763576
0.0762783
0.0761794
0.0761
0.0759638
0.0759073
0.0756816
0.0782124
0.0782142
0.0782097
0.0782028
0.0781899
0.0781744
0.0781524
0.0781284
0.078097
0.0780644
0.0780233
0.0779819
0.0779308
0.0778802
0.0778191
0.0777581
0.0776878
0.0776128
0.0775385
0.0774406
0.0773732
0.0772352
0.0771954
0.0769968
0.0794445
0.0794467
0.0794427
0.0794365
0.0794244
0.07941
0.0793892
0.0793667
0.0793369
0.0793064
0.0792673
0.0792285
0.0791799
0.0791324
0.0790745
0.0790174
0.0789507
0.0788807
0.0788108
0.0787189
0.0786571
0.078527
0.07849
0.0783061
0.080675
0.0806774
0.0806738
0.0806684
0.0806572
0.0806441
0.0806246
0.080604
0.080576
0.0805479
0.080511
0.0804752
0.0804295
0.0803855
0.0803311
0.080278
0.0802157
0.0801507
0.0800854
0.0800001
0.0799428
0.0798223
0.0797877
0.0796174
0.0818926
0.0818957
0.0818923
0.081888
0.0818775
0.081866
0.0818478
0.0818294
0.0818032
0.0817779
0.0817433
0.0817111
0.0816681
0.0816284
0.0815774
0.0815292
0.0814711
0.0814121
0.0813513
0.0812725
0.0812206
0.0811096
0.0810772
0.080921
0.0830982
0.0831016
0.0830979
0.0830953
0.0830849
0.0830757
0.083058
0.0830427
0.0830172
0.0829959
0.0829623
0.082935
0.0828933
0.0828593
0.0828104
0.0827679
0.0827135
0.08266
0.0826041
0.0825318
0.082484
0.0823828
0.0823528
0.08221
0.0842813
0.0842849
0.0842816
0.0842802
0.0842702
0.0842632
0.0842462
0.0842339
0.0842093
0.0841921
0.0841594
0.0841375
0.0840967
0.0840694
0.0840213
0.0839867
0.0839339
0.0838874
0.0838361
0.0837704
0.0837265
0.0836356
0.0836076
0.0834784
0.0854443
0.0854481
0.0854456
0.085444
0.0854363
0.085429
0.0854153
0.0854028
0.0853824
0.0853654
0.0853376
0.0853164
0.0852808
0.0852553
0.0852124
0.0851811
0.0851332
0.0850924
0.085044
0.0849858
0.0849458
0.0848644
0.0848387
0.0847223
0.086579
0.0865827
0.086581
0.0865797
0.0865734
0.0865668
0.0865553
0.0865439
0.0865266
0.0865107
0.0864871
0.0864671
0.0864368
0.0864128
0.0863758
0.086347
0.0863044
0.0862686
0.0862235
0.0861745
0.0861372
0.0860651
0.0860412
0.0859375
0.0876877
0.0876916
0.0876904
0.0876896
0.0876844
0.0876788
0.0876688
0.0876588
0.0876437
0.0876297
0.087609
0.0875912
0.0875646
0.0875431
0.0875105
0.0874848
0.0874471
0.0874154
0.0873747
0.0873337
0.0872979
0.087235
0.0872134
0.0871217
0.0887647
0.0887685
0.0887679
0.0887675
0.0887633
0.0887587
0.0887504
0.0887419
0.0887289
0.0887168
0.088699
0.0886835
0.0886604
0.0886417
0.0886132
0.088591
0.0885574
0.0885307
0.0884939
0.0884594
0.0884254
0.0883726
0.0883527
0.0882726
0.0898114
0.0898153
0.0898151
0.0898152
0.0898118
0.0898082
0.0898011
0.0897941
0.089783
0.0897728
0.0897573
0.0897442
0.089724
0.0897081
0.0896832
0.0896642
0.0896351
0.089612
0.0895799
0.0895508
0.0895193
0.0894753
0.0894577
0.0893884
0.0908251
0.0908288
0.090829
0.0908295
0.0908271
0.0908243
0.0908186
0.0908129
0.0908037
0.0907952
0.0907822
0.0907713
0.0907541
0.0907408
0.0907193
0.0907037
0.0906781
0.0906593
0.0906309
0.090607
0.0905788
0.0905433
0.0905265
0.0904679
0.0918051
0.0918089
0.0918094
0.0918104
0.0918086
0.0918067
0.0918022
0.0917978
0.0917901
0.0917834
0.0917724
0.0917637
0.0917491
0.0917384
0.0917201
0.0917074
0.0916857
0.0916703
0.0916459
0.0916265
0.0916021
0.091574
0.0915587
0.0915097
0.0927521
0.0927557
0.0927565
0.0927579
0.0927568
0.0927557
0.0927523
0.0927491
0.092743
0.0927379
0.0927289
0.0927221
0.09271
0.0927017
0.0926863
0.0926765
0.0926579
0.0926461
0.0926253
0.0926101
0.0925891
0.0925675
0.0925538
0.0925134
0.0936636
0.0936673
0.0936683
0.09367
0.0936695
0.0936692
0.0936667
0.0936647
0.09366
0.0936564
0.0936493
0.0936444
0.0936346
0.0936286
0.093616
0.0936089
0.0935936
0.0935851
0.0935676
0.0935566
0.0935391
0.0935227
0.0935105
0.0934788
0.0945423
0.0945458
0.0945471
0.094549
0.0945491
0.0945495
0.0945479
0.0945469
0.0945435
0.0945413
0.0945358
0.0945326
0.0945249
0.094521
0.0945108
0.0945062
0.0944936
0.094488
0.0944738
0.0944662
0.094452
0.0944403
0.0944297
0.094406
0.0953855
0.0953889
0.0953904
0.0953926
0.0953933
0.0953942
0.0953935
0.0953935
0.0953913
0.0953904
0.0953866
0.0953851
0.0953793
0.0953774
0.0953696
0.0953674
0.0953575
0.0953549
0.0953433
0.0953393
0.0953278
0.0953205
0.0953123
0.0952956
0.0961958
0.0961992
0.0962008
0.0962032
0.0962043
0.0962058
0.0962058
0.0962066
0.0962055
0.0962057
0.0962032
0.0962032
0.0961992
0.096199
0.0961933
0.0961931
0.0961857
0.0961853
0.0961766
0.0961756
0.0961668
0.0961633
0.0961574
0.0961471
0.0969722
0.0969754
0.0969772
0.0969799
0.0969813
0.0969834
0.0969841
0.0969857
0.0969856
0.096987
0.0969859
0.0969872
0.0969849
0.0969864
0.0969827
0.0969847
0.0969794
0.0969817
0.0969752
0.0969772
0.0969708
0.0969712
0.0969675
0.0969622
0.0977156
0.0977187
0.0977206
0.0977234
0.0977252
0.0977276
0.097729
0.0977313
0.097732
0.0977344
0.0977344
0.0977369
0.097736
0.097739
0.097737
0.0977407
0.0977376
0.0977418
0.0977378
0.0977424
0.0977382
0.0977422
0.0977403
0.0977402
0.0984274
0.0984303
0.0984323
0.0984352
0.0984374
0.0984402
0.0984421
0.0984451
0.0984467
0.0984499
0.098451
0.0984547
0.0984551
0.0984595
0.0984591
0.0984645
0.0984631
0.0984695
0.0984672
0.0984743
0.0984721
0.0984792
0.0984788
0.0984831
0.0991067
0.0991095
0.0991115
0.0991146
0.099117
0.0991202
0.0991226
0.0991261
0.0991284
0.0991323
0.0991344
0.099139
0.0991407
0.0991463
0.0991473
0.0991542
0.0991544
0.0991626
0.0991621
0.0991715
0.0991708
0.0991809
0.0991817
0.0991904
0.0997562
0.0997589
0.099761
0.0997642
0.0997668
0.0997703
0.0997731
0.0997771
0.09978
0.0997846
0.0997875
0.0997931
0.0997957
0.0998024
0.0998047
0.0998129
0.0998145
0.0998242
0.0998252
0.0998365
0.0998374
0.0998499
0.0998518
0.099864
0.100375
0.100378
0.10038
0.100383
0.100386
0.10039
0.100393
0.100397
0.100401
0.100406
0.10041
0.100416
0.10042
0.100427
0.100431
0.10044
0.100443
0.100454
0.100456
0.10047
0.100472
0.100487
0.100489
0.100505
0.100966
0.100968
0.10097
0.100974
0.100977
0.100981
0.100984
0.100989
0.100993
0.100999
0.101003
0.10101
0.101014
0.101023
0.101027
0.101037
0.101041
0.101054
0.101057
0.101072
0.101075
0.101092
0.101095
0.101114
0.101529
0.101531
0.101533
0.101536
0.101539
0.101544
0.101547
0.101552
0.101557
0.101563
0.101568
0.101575
0.101581
0.10159
0.101595
0.101606
0.101611
0.101625
0.101629
0.101645
0.101649
0.101668
0.101672
0.101693
0.102064
0.102066
0.102068
0.102071
0.102075
0.102079
0.102083
0.102088
0.102093
0.1021
0.102105
0.102113
0.102119
0.102129
0.102135
0.102147
0.102153
0.102167
0.102172
0.10219
0.102194
0.102215
0.10222
0.102242
0.102574
0.102576
0.102578
0.102581
0.102585
0.102589
0.102593
0.102599
0.102604
0.102611
0.102617
0.102625
0.102631
0.102642
0.102648
0.102661
0.102668
0.102683
0.102689
0.102707
0.102713
0.102734
0.102739
0.102765
0.103058
0.10306
0.103062
0.103066
0.103069
0.103074
0.103078
0.103084
0.103089
0.103096
0.103102
0.103111
0.103118
0.103129
0.103136
0.10315
0.103157
0.103173
0.103179
0.103199
0.103205
0.103228
0.103233
0.10326
0.103519
0.103521
0.103523
0.103527
0.10353
0.103535
0.103539
0.103545
0.103551
0.103558
0.103565
0.103574
0.103581
0.103592
0.1036
0.103614
0.103621
0.103638
0.103645
0.103665
0.103672
0.103696
0.103701
0.10373
0.103957
0.103959
0.103961
0.103964
0.103968
0.103972
0.103977
0.103983
0.103989
0.103997
0.104003
0.104013
0.10402
0.104032
0.10404
0.104054
0.104062
0.104079
0.104087
0.104108
0.104115
0.10414
0.104145
0.104175
0.104373
0.104375
0.104377
0.10438
0.104384
0.104388
0.104393
0.104399
0.104405
0.104413
0.10442
0.10443
0.104437
0.104449
0.104458
0.104472
0.104481
0.104498
0.104507
0.104528
0.104535
0.104561
0.104567
0.104598
0.104768
0.10477
0.104772
0.104775
0.104778
0.104783
0.104788
0.104794
0.1048
0.104808
0.104815
0.104825
0.104833
0.104845
0.104854
0.104869
0.104877
0.104895
0.104904
0.104926
0.104933
0.10496
0.104966
0.104998
0.105143
0.105145
0.105147
0.10515
0.105153
0.105158
0.105163
0.105169
0.105175
0.105184
0.105191
0.105201
0.105209
0.105221
0.10523
0.105245
0.105254
0.105272
0.105281
0.105303
0.105311
0.105338
0.105344
0.105377
0.105499
0.1055
0.105502
0.105505
0.105509
0.105514
0.105518
0.105525
0.105531
0.105539
0.105546
0.105557
0.105565
0.105577
0.105586
0.105601
0.10561
0.105629
0.105638
0.105661
0.105668
0.105696
0.105702
0.105735
0.105837
0.105838
0.10584
0.105843
0.105846
0.105851
0.105856
0.105862
0.105868
0.105877
0.105884
0.105895
0.105903
0.105915
0.105924
0.10594
0.105949
0.105968
0.105977
0.105999
0.106007
0.106035
0.106041
0.106075
0.106157
0.106158
0.10616
0.106163
0.106166
0.106171
0.106176
0.106182
0.106188
0.106197
0.106204
0.106214
0.106222
0.106235
0.106244
0.10626
0.106269
0.106288
0.106297
0.10632
0.106327
0.106355
0.106361
0.106395
0.106461
0.106462
0.106464
0.106467
0.10647
0.106475
0.106479
0.106486
0.106492
0.1065
0.106507
0.106518
0.106526
0.106539
0.106548
0.106564
0.106573
0.106592
0.106601
0.106624
0.106631
0.106659
0.106665
0.106699
0.106748
0.106749
0.106751
0.106754
0.106757
0.106762
0.106767
0.106773
0.106779
0.106788
0.106795
0.106805
0.106813
0.106826
0.106835
0.106851
0.10686
0.106879
0.106888
0.106911
0.106918
0.106947
0.106952
0.106986
0.107022
0.107023
0.107024
0.107027
0.10703
0.107035
0.10704
0.107046
0.107052
0.107061
0.107068
0.107078
0.107086
0.107099
0.107108
0.107124
0.107133
0.107152
0.10716
0.107184
0.107191
0.107219
0.107225
0.107259
0.10728
0.107281
0.107283
0.107285
0.107289
0.107293
0.107298
0.107304
0.10731
0.107319
0.107325
0.107336
0.107344
0.107357
0.107366
0.107381
0.10739
0.107409
0.107418
0.107441
0.107448
0.107476
0.107482
0.107516
0.107526
0.107526
0.107528
0.107531
0.107534
0.107539
0.107543
0.107549
0.107555
0.107564
0.107571
0.107581
0.107589
0.107602
0.10761
0.107626
0.107635
0.107654
0.107662
0.107686
0.107693
0.107721
0.107726
0.10776
0.107757
0.107758
0.10776
0.107763
0.107766
0.10777
0.107775
0.107781
0.107787
0.107795
0.107802
0.107812
0.10782
0.107833
0.107841
0.107857
0.107866
0.107885
0.107893
0.107916
0.107923
0.107951
0.107957
0.107991
0.107978
0.107979
0.10798
0.107983
0.107986
0.107991
0.107995
0.108001
0.108007
0.108015
0.108022
0.108032
0.10804
0.108053
0.108061
0.108077
0.108085
0.108104
0.108112
0.108135
0.108142
0.10817
0.108175
0.108209
0.108186
0.108187
0.108188
0.108191
0.108194
0.108198
0.108203
0.108209
0.108214
0.108223
0.108229
0.10824
0.108247
0.10826
0.108268
0.108284
0.108292
0.108311
0.108319
0.108342
0.108348
0.108377
0.108381
0.108415
0.108384
0.108385
0.108386
0.108389
0.108392
0.108396
0.1084
0.108407
0.108412
0.10842
0.108427
0.108437
0.108444
0.108457
0.108465
0.108481
0.108489
0.108508
0.108515
0.108538
0.108545
0.108572
0.108577
0.108611
0.10857
0.108571
0.108573
0.108575
0.108578
0.108582
0.108586
0.108593
0.108598
0.108606
0.108612
0.108623
0.10863
0.108643
0.10865
0.108666
0.108674
0.108693
0.1087
0.108723
0.108729
0.108757
0.108761
0.108795
0.108748
0.108749
0.10875
0.108753
0.108755
0.10876
0.108764
0.10877
0.108775
0.108783
0.108789
0.1088
0.108806
0.108819
0.108827
0.108842
0.10885
0.108869
0.108876
0.108898
0.108904
0.108932
0.108936
0.108969
0.108915
0.108916
0.108917
0.108919
0.108922
0.108926
0.10893
0.108937
0.108941
0.10895
0.108955
0.108966
0.108973
0.108986
0.108992
0.109008
0.109015
0.109034
0.109041
0.109064
0.109069
0.109096
0.109101
0.109133
0.109074
0.109075
0.109076
0.109078
0.109081
0.109085
0.109089
0.109095
0.1091
0.109108
0.109114
0.109124
0.109131
0.109144
0.10915
0.109166
0.109173
0.109192
0.109198
0.109221
0.109226
0.109253
0.109257
0.109289
0.109223
0.109224
0.109225
0.109228
0.10923
0.109235
0.109238
0.109244
0.109249
0.109257
0.109263
0.109273
0.109279
0.109292
0.109298
0.109314
0.10932
0.10934
0.109345
0.109369
0.109373
0.1094
0.109404
0.109436
0.109366
0.109366
0.109368
0.10937
0.109373
0.109377
0.10938
0.109387
0.109391
0.109399
0.109404
0.109415
0.109421
0.109434
0.10944
0.109456
0.109461
0.109481
0.109486
0.109509
0.109513
0.10954
0.109543
0.109575
0.109499
0.1095
0.109501
0.109504
0.109506
0.10951
0.109514
0.10952
0.109524
0.109532
0.109537
0.109548
0.109553
0.109566
0.109572
0.109588
0.109593
0.109613
0.109617
0.109641
0.109645
0.109671
0.109674
0.109706
0.109627
0.109627
0.109628
0.109631
0.109633
0.109637
0.109641
0.109647
0.109651
0.109659
0.109664
0.109675
0.10968
0.109693
0.109698
0.109714
0.109719
0.109739
0.109743
0.109766
0.10977
0.109796
0.109799
0.10983
0.109746
0.109747
0.109748
0.10975
0.109752
0.109756
0.10976
0.109766
0.10977
0.109778
0.109782
0.109793
0.109798
0.109811
0.109816
0.109833
0.109837
0.109856
0.10986
0.109883
0.109887
0.109913
0.109916
0.109947
0.10986
0.10986
0.109861
0.109864
0.109866
0.10987
0.109873
0.109879
0.109883
0.109891
0.109895
0.109906
0.109911
0.109924
0.109928
0.109945
0.109949
0.109968
0.109972
0.109995
0.109998
0.110024
0.110027
0.110057
0.109966
0.109967
0.109968
0.10997
0.109972
0.109976
0.109979
0.109986
0.109989
0.109998
0.110001
0.110012
0.110016
0.11003
0.110034
0.11005
0.110054
0.110074
0.110077
0.1101
0.110103
0.110128
0.110131
0.110161
0.110067
0.110067
0.110068
0.110071
0.110073
0.110077
0.11008
0.110086
0.110089
0.110098
0.110101
0.110113
0.110116
0.11013
0.110133
0.11015
0.110153
0.110173
0.110176
0.110198
0.110201
0.110227
0.110229
0.110259
0.110162
0.110162
0.110163
0.110166
0.110168
0.110172
0.110174
0.110181
0.110184
0.110193
0.110196
0.110207
0.11021
0.110224
0.110228
0.110244
0.110247
0.110267
0.11027
0.110292
0.110295
0.11032
0.110322
0.110351
0.110251
0.110252
0.110253
0.110255
0.110257
0.110261
0.110263
0.11027
0.110273
0.110282
0.110284
0.110296
0.110299
0.110313
0.110316
0.110332
0.110335
0.110354
0.110357
0.110379
0.110382
0.110407
0.110409
0.110438
0.110336
0.110336
0.110337
0.11034
0.110341
0.110346
0.110348
0.110354
0.110357
0.110366
0.110369
0.11038
0.110383
0.110396
0.110399
0.110416
0.110419
0.110438
0.11044
0.110462
0.110465
0.110489
0.110492
0.11052
0.110414
0.110415
0.110416
0.110418
0.11042
0.110424
0.110426
0.110433
0.110435
0.110444
0.110447
0.110458
0.110461
0.110474
0.110477
0.110493
0.110496
0.110515
0.110518
0.110539
0.110542
0.110566
0.110568
0.110597
0.110489
0.11049
0.110491
0.110493
0.110495
0.110499
0.110501
0.110508
0.11051
0.110519
0.110521
0.110532
0.110535
0.110548
0.110551
0.110567
0.11057
0.110589
0.110591
0.110613
0.110615
0.110639
0.110641
0.110669
0.110559
0.110559
0.11056
0.110562
0.110564
0.110568
0.11057
0.110576
0.110579
0.110587
0.11059
0.110601
0.110604
0.110617
0.11062
0.110635
0.110638
0.110657
0.110659
0.11068
0.110682
0.110706
0.110708
0.110736
0.110625
0.110625
0.110626
0.110628
0.11063
0.110634
0.110636
0.110642
0.110645
0.110653
0.110656
0.110666
0.110669
0.110682
0.110685
0.1107
0.110703
0.110721
0.110724
0.110745
0.110747
0.11077
0.110772
0.1108
0.110685
0.110686
0.110687
0.110689
0.110691
0.110694
0.110697
0.110702
0.110705
0.110713
0.110716
0.110726
0.110729
0.110742
0.110745
0.11076
0.110763
0.110781
0.110783
0.110804
0.110806
0.110829
0.110831
0.110858
0.110743
0.110743
0.110744
0.110746
0.110748
0.110751
0.110754
0.110759
0.110763
0.11077
0.110773
0.110783
0.110786
0.110799
0.110801
0.110817
0.110819
0.110837
0.110839
0.11086
0.110862
0.110885
0.110887
0.110914
0.110796
0.110796
0.110797
0.110799
0.110801
0.110804
0.110807
0.110812
0.110816
0.110822
0.110826
0.110835
0.110839
0.11085
0.110854
0.110868
0.110871
0.110889
0.110891
0.110911
0.110913
0.110936
0.110938
0.110964
0.110846
0.110846
0.110847
0.110849
0.110851
0.110854
0.110857
0.110861
0.110865
0.110871
0.110876
0.110884
0.110888
0.110899
0.110903
0.110917
0.11092
0.110937
0.110939
0.110959
0.110961
0.110984
0.110986
0.111012
0.110891
0.110892
0.110893
0.110894
0.110897
0.110899
0.110903
0.110907
0.110911
0.110916
0.110921
0.110929
0.110933
0.110944
0.110948
0.110961
0.110964
0.110981
0.110983
0.111003
0.111005
0.111028
0.11103
0.111056
0.110934
0.110935
0.110936
0.110937
0.110939
0.110942
0.110945
0.110949
0.110953
0.110959
0.110964
0.110971
0.110976
0.110985
0.11099
0.111003
0.111006
0.111023
0.111025
0.111044
0.111046
0.111069
0.11107
0.111096
0.110973
0.110974
0.110975
0.110976
0.110978
0.110981
0.110984
0.110988
0.110992
0.110997
0.111002
0.111009
0.111014
0.111023
0.111028
0.11104
0.111044
0.11106
0.111062
0.111081
0.111083
0.111105
0.111107
0.111133
0.11101
0.11101
0.111011
0.111013
0.111015
0.111017
0.11102
0.111024
0.111028
0.111033
0.111038
0.111044
0.11105
0.111058
0.111064
0.111074
0.111079
0.111094
0.111097
0.111115
0.111118
0.11114
0.111141
0.111166
0.111043
0.111043
0.111044
0.111046
0.111048
0.11105
0.111053
0.111057
0.111061
0.111065
0.11107
0.111076
0.111082
0.111089
0.111095
0.111105
0.111111
0.111124
0.111128
0.111146
0.111148
0.11117
0.111171
0.111196
0.111073
0.111074
0.111075
0.111076
0.111078
0.11108
0.111083
0.111087
0.111091
0.111095
0.1111
0.111105
0.111111
0.111118
0.111124
0.111133
0.111139
0.111152
0.111156
0.111173
0.111176
0.111197
0.111198
0.111223
0.111101
0.111101
0.111102
0.111104
0.111105
0.111108
0.11111
0.111113
0.111117
0.111121
0.111126
0.111131
0.111137
0.111143
0.11115
0.111158
0.111165
0.111176
0.111181
0.111197
0.1112
0.11122
0.111222
0.111247
0.111127
0.111127
0.111128
0.111129
0.111131
0.111133
0.111135
0.111138
0.111142
0.111146
0.11115
0.111155
0.111161
0.111167
0.111173
0.11118
0.111187
0.111197
0.111203
0.111218
0.111222
0.111241
0.111243
0.111268
0.11115
0.11115
0.111151
0.111152
0.111154
0.111156
0.111158
0.111161
0.111164
0.111168
0.111172
0.111176
0.111181
0.111187
0.111193
0.1112
0.111207
0.111216
0.111223
0.111236
0.11124
0.111258
0.11126
0.111285
0.111171
0.111171
0.111172
0.111173
0.111174
0.111176
0.111178
0.11118
0.111183
0.111187
0.11119
0.111195
0.111199
0.111204
0.11121
0.111217
0.111223
0.111231
0.111239
0.11125
0.111255
0.111273
0.111275
0.111299
0.111189
0.11119
0.11119
0.111191
0.111192
0.111194
0.111196
0.111198
0.111201
0.111204
0.111207
0.111211
0.111215
0.11122
0.111225
0.111231
0.111237
0.111244
0.111251
0.111262
0.111268
0.111284
0.111287
0.11131
0.111207
0.111207
0.111207
0.111208
0.111209
0.11121
0.111212
0.111214
0.111216
0.111219
0.111222
0.111225
0.111229
0.111233
0.111237
0.111242
0.111248
0.111254
0.111261
0.11127
0.111277
0.111291
0.111295
0.111318
0.111223
0.111223
0.111224
0.111224
0.111225
0.111226
0.111227
0.111229
0.111231
0.111232
0.111235
0.111237
0.11124
0.111243
0.111247
0.111251
0.111256
0.111261
0.111267
0.111274
0.111281
0.111293
0.111298
0.111321
0.111243
0.111243
0.111243
0.111244
0.111244
0.111245
0.111245
0.111246
0.111247
0.111248
0.11125
0.111251
0.111253
0.111255
0.111257
0.11126
0.111263
0.111266
0.11127
0.111275
0.11128
0.111287
0.111292
0.111311
0.111264
0.111264
0.111264
0.111264
0.111264
0.111265
0.111265
0.111265
0.111265
0.111265
0.111266
0.111266
0.111267
0.111267
0.111268
0.111269
0.11127
0.11127
0.111271
0.111273
0.111274
0.111276
0.111278
0.111285
0.111272
0.111272
0.111272
0.111272
0.111272
0.111272
0.111272
0.111272
0.111272
0.111272
0.111272
0.111271
0.111271
0.111271
0.111271
0.111271
0.111271
0.111271
0.111271
0.111272
0.111272
0.111272
0.111272
0.111272
)
;

boundaryField
{
    asym1
    {
        type            wedge;
    }
    asym2
    {
        type            wedge;
    }
    inlet
    {
        type            calculated;
        value           nonuniform List<scalar> 
24
(
0.111264
0.111264
0.111264
0.111265
0.111265
0.111265
0.111265
0.111265
0.111265
0.111266
0.111266
0.111266
0.111267
0.111267
0.111268
0.111268
0.111269
0.11127
0.111271
0.111272
0.111273
0.111275
0.111277
0.111282
)
;
    }
    nozzle
    {
        type            calculated;
        value           nonuniform List<scalar> 
174
(
0.111272
0.111285
0.111311
0.111321
0.111318
0.11131
0.111299
0.111285
0.111268
0.111247
0.111223
0.111196
0.111166
0.111133
0.111096
0.111056
0.111012
0.110964
0.110914
0.110858
0.1108
0.110736
0.110669
0.110597
0.11052
0.110438
0.110351
0.110259
0.110161
0.110057
0.109947
0.10983
0.109706
0.109575
0.109436
0.109289
0.109133
0.108969
0.108795
0.108611
0.108415
0.108209
0.107991
0.10776
0.107516
0.107259
0.106986
0.106699
0.106395
0.106075
0.105735
0.105377
0.104998
0.104598
0.104175
0.10373
0.10326
0.102765
0.102242
0.101693
0.101114
0.100505
0.099864
0.0991904
0.0984831
0.0977402
0.0969622
0.0961471
0.0952956
0.094406
0.0934788
0.0925134
0.0915097
0.0904679
0.0893884
0.0882726
0.0871217
0.0859375
0.0847223
0.0834784
0.08221
0.080921
0.0796174
0.0783061
0.0769968
0.0756816
0.0744828
0.0734058
0.0724039
0.0714413
0.0704995
0.0695685
0.068642
0.0677138
0.0667763
0.0658436
0.064929
0.0640284
0.0631402
0.0622629
0.0613974
0.0605427
0.0596994
0.0588663
0.0580443
0.0572323
0.0564315
0.055641
0.0548623
0.0540945
0.0533394
0.052596
0.051866
0.0511487
0.0504453
0.0497553
0.0490793
0.0484175
0.0477697
0.0471364
0.0465171
0.0459126
0.0453218
0.044746
0.0441837
0.0436365
0.0431023
0.0425831
0.0420769
0.0415857
0.0411065
0.0406428
0.0401916
0.0397551
0.0393302
0.0389202
0.0385222
0.0381388
0.0377669
0.0374092
0.0370625
0.0367297
0.0364077
0.0360992
0.0358013
0.0355165
0.0352422
0.0349803
0.0347283
0.0344887
0.0342594
0.0340416
0.0338337
0.0336371
0.0334502
0.0332743
0.0331082
0.0329528
0.0328071
0.0326718
0.0325463
0.0324309
0.0323251
0.0322292
0.0321428
0.0320661
0.0319988
0.0319411
0.0318924
0.0318533
0.0318123
0.0318174
0.0317828
0.0318516
)
;
    }
    outlet
    {
        type            calculated;
        value           nonuniform List<scalar> 
24
(
0.0309449
0.0309473
0.0309537
0.0309619
0.0309754
0.0309888
0.0310092
0.0310278
0.031055
0.0310791
0.0311121
0.0311425
0.0311801
0.0312181
0.031258
0.031306
0.0313443
0.031407
0.0314413
0.0315199
0.0315486
0.0316447
0.0316632
0.0317669
)
;
    }
}


// ************************************************************************* //
