/*--------------------------------*- C++ -*----------------------------------*\
  =========                 |
  \\      /  F ield         | OpenFOAM: The Open Source CFD Toolbox
   \\    /   O peration     | Website:  https://openfoam.org
    \\  /    A nd           | Version:  10
     \\/     M anipulation  |
\*---------------------------------------------------------------------------*/
FoamFile
{
    format      ascii;
    class       volScalarField;
    location    "0.16";
    object      rho;
}
// * * * * * * * * * * * * * * * * * * * * * * * * * * * * * * * * * * * * * //

dimensions      [1 -3 0 0 0 0 0];

internalField   nonuniform List<scalar> 
4176
(
0.0308536
0.0308567
0.0308629
0.0308732
0.0308864
0.0309027
0.0309237
0.0309451
0.0309743
0.0310006
0.0310373
0.0310698
0.0311118
0.0311526
0.0311975
0.031249
0.0312921
0.0313599
0.0313983
0.031484
0.0315158
0.031621
0.0316417
0.0317552
0.0308611
0.030864
0.0308693
0.0308792
0.0308903
0.030906
0.0309237
0.0309444
0.0309694
0.0309944
0.0310265
0.0310568
0.0310944
0.0311316
0.0311726
0.0312187
0.0312586
0.0313189
0.0313545
0.0314311
0.0314585
0.0315586
0.0315797
0.0317079
0.0308805
0.0308834
0.030889
0.0308991
0.0309108
0.0309268
0.0309455
0.0309666
0.030993
0.0310186
0.0310522
0.0310833
0.0311227
0.0311608
0.0312041
0.0312514
0.0312936
0.0313565
0.0313923
0.0314726
0.0315002
0.031599
0.0316182
0.0317387
0.030909
0.0309119
0.0309173
0.0309271
0.0309385
0.030954
0.0309723
0.0309927
0.0310185
0.0310431
0.0310763
0.031106
0.0311451
0.0311814
0.0312244
0.0312698
0.0313117
0.0313746
0.0314058
0.0314884
0.0315136
0.0316112
0.0316293
0.0317408
0.0309483
0.0309512
0.0309566
0.0309665
0.0309778
0.0309935
0.0310115
0.0310322
0.0310577
0.0310826
0.0311155
0.0311455
0.0311843
0.0312208
0.0312639
0.0313087
0.0313526
0.0314124
0.0314472
0.0315278
0.0315546
0.0316518
0.0316713
0.0317844
0.0309977
0.0310006
0.0310059
0.0310156
0.0310267
0.0310423
0.03106
0.0310804
0.0311055
0.0311302
0.0311624
0.0311923
0.0312304
0.0312665
0.0313091
0.0313529
0.0313972
0.0314541
0.0314922
0.0315688
0.0315965
0.0316925
0.0317128
0.0318275
0.0310575
0.0310604
0.0310656
0.0310753
0.0310863
0.0311017
0.0311192
0.0311395
0.0311643
0.0311889
0.0312208
0.0312503
0.0312882
0.0313238
0.0313663
0.0314094
0.0314539
0.0315091
0.0315482
0.0316229
0.0316519
0.0317462
0.0317668
0.0318796
0.0311275
0.0311304
0.0311355
0.0311452
0.031156
0.0311713
0.0311885
0.0312086
0.0312331
0.0312573
0.0312888
0.031318
0.0313554
0.0313905
0.0314327
0.0314748
0.0315194
0.0315728
0.031613
0.031685
0.0317151
0.0318079
0.031829
0.0319404
0.0312079
0.0312107
0.0312158
0.0312254
0.0312361
0.0312512
0.0312682
0.0312881
0.0313123
0.0313362
0.0313673
0.031396
0.0314331
0.0314676
0.0315095
0.0315508
0.0315954
0.031647
0.0316881
0.0317577
0.0317888
0.0318796
0.0319011
0.0320108
0.0312987
0.0313015
0.0313065
0.031316
0.0313265
0.0313415
0.0313582
0.0313779
0.0314017
0.0314253
0.031456
0.0314842
0.0315209
0.0315547
0.0315962
0.0316366
0.0316811
0.0317311
0.0317728
0.03184
0.0318719
0.0319606
0.0319826
0.0320904
0.0313998
0.0314026
0.0314076
0.031417
0.0314273
0.0314421
0.0314586
0.031478
0.0315014
0.0315247
0.0315549
0.0315827
0.0316189
0.031652
0.0316932
0.0317325
0.0317768
0.0318254
0.0318676
0.0319324
0.0319654
0.0320511
0.0320737
0.0321796
0.0315115
0.0315143
0.0315191
0.0315284
0.0315385
0.0315531
0.0315694
0.0315884
0.0316115
0.0316344
0.0316642
0.0316915
0.0317271
0.0317596
0.0318002
0.0318386
0.0318826
0.0319297
0.0319723
0.0320347
0.0320682
0.0321516
0.0321744
0.0322783
0.0316337
0.0316364
0.0316412
0.0316504
0.0316603
0.0316747
0.0316906
0.0317094
0.031732
0.0317545
0.0317839
0.0318106
0.0318457
0.0318774
0.0319175
0.0319549
0.0319985
0.0320441
0.032087
0.032147
0.0321812
0.0322619
0.0322848
0.0323865
0.0317665
0.0317692
0.0317739
0.0317829
0.0317927
0.0318068
0.0318224
0.0318408
0.0318631
0.0318851
0.031914
0.0319401
0.0319747
0.0320056
0.0320451
0.0320815
0.0321246
0.0321687
0.0322117
0.0322694
0.0323039
0.0323823
0.0324051
0.0325044
0.03191
0.0319127
0.0319173
0.0319262
0.0319356
0.0319496
0.0319648
0.0319829
0.0320047
0.0320262
0.0320545
0.0320801
0.032114
0.0321442
0.032183
0.0322184
0.032261
0.0323036
0.0323465
0.0324018
0.0324369
0.0325125
0.0325353
0.0326322
0.0320644
0.032067
0.0320715
0.0320802
0.0320895
0.0321031
0.032118
0.0321357
0.032157
0.032178
0.0322057
0.0322306
0.0322639
0.0322932
0.0323314
0.0323656
0.0324076
0.0324488
0.0324914
0.0325443
0.0325798
0.0326525
0.0326758
0.0327699
0.0322296
0.0322322
0.0322365
0.0322451
0.0322541
0.0322675
0.0322819
0.0322992
0.03232
0.0323404
0.0323675
0.0323917
0.0324242
0.0324527
0.0324901
0.0325233
0.0325647
0.0326043
0.0326466
0.0326971
0.0327329
0.0328027
0.0328263
0.0329175
0.0324058
0.0324084
0.0324126
0.032421
0.0324297
0.0324428
0.0324568
0.0324737
0.0324939
0.0325137
0.0325401
0.0325635
0.0325953
0.0326228
0.0326595
0.0326915
0.0327321
0.0327702
0.032812
0.0328601
0.0328963
0.0329631
0.032987
0.0330751
0.0325931
0.0325956
0.0325997
0.032608
0.0326163
0.0326291
0.0326427
0.032659
0.0326786
0.0326979
0.0327235
0.0327462
0.0327771
0.0328036
0.0328394
0.0328703
0.0329101
0.0329466
0.0329879
0.0330336
0.03307
0.0331337
0.033158
0.0332429
0.0327916
0.0327941
0.0327981
0.0328061
0.0328142
0.0328266
0.0328397
0.0328555
0.0328745
0.0328931
0.032918
0.0329398
0.0329699
0.0329953
0.0330302
0.0330597
0.0330986
0.0331336
0.0331743
0.0332175
0.0332541
0.0333147
0.0333393
0.0334209
0.0330014
0.0330039
0.0330076
0.0330155
0.0330232
0.0330352
0.0330478
0.0330631
0.0330815
0.0330993
0.0331234
0.0331443
0.0331735
0.0331979
0.0332318
0.03326
0.0332979
0.0333312
0.0333712
0.0334121
0.0334486
0.0335061
0.033531
0.0336093
0.0332226
0.0332251
0.0332287
0.0332363
0.0332436
0.0332553
0.0332673
0.0332821
0.0332997
0.0333169
0.0333401
0.0333601
0.0333883
0.0334116
0.0334444
0.0334712
0.0335081
0.0335397
0.0335787
0.0336174
0.0336538
0.033708
0.0337331
0.033808
0.0334553
0.0334577
0.0334611
0.0334685
0.0334755
0.0334867
0.0334982
0.0335124
0.0335293
0.0335456
0.033568
0.033587
0.0336142
0.0336364
0.0336681
0.0336935
0.0337293
0.0337591
0.0337972
0.0338335
0.0338697
0.0339205
0.0339458
0.0340173
0.0336997
0.0337021
0.0337053
0.0337124
0.033719
0.0337298
0.0337407
0.0337542
0.0337703
0.0337859
0.0338073
0.0338253
0.0338515
0.0338724
0.033903
0.033927
0.0339616
0.0339896
0.0340267
0.0340607
0.0340965
0.0341439
0.0341691
0.034237
0.0339557
0.033958
0.033961
0.0339679
0.0339741
0.0339844
0.0339947
0.0340075
0.0340229
0.0340376
0.0340581
0.034075
0.0341001
0.0341198
0.0341492
0.0341717
0.0342051
0.0342313
0.0342673
0.0342989
0.0343342
0.0343784
0.0344033
0.0344675
0.0342235
0.0342258
0.0342286
0.0342352
0.034241
0.0342508
0.0342605
0.0342727
0.0342872
0.034301
0.0343205
0.0343364
0.0343603
0.0343787
0.0344069
0.0344278
0.03446
0.0344844
0.0345191
0.0345484
0.0345831
0.0346238
0.0346487
0.0347089
0.0345031
0.0345053
0.034508
0.0345143
0.0345196
0.034529
0.034538
0.0345496
0.0345632
0.0345761
0.0345946
0.0346093
0.0346321
0.0346492
0.0346762
0.0346955
0.0347263
0.0347488
0.0347824
0.0348093
0.0348431
0.0348805
0.0349054
0.0349617
0.0347947
0.0347969
0.0347993
0.0348054
0.0348103
0.0348192
0.0348276
0.0348384
0.0348512
0.0348632
0.0348806
0.0348942
0.0349158
0.0349314
0.0349571
0.0349748
0.0350043
0.0350248
0.0350571
0.0350817
0.0351146
0.0351484
0.0351735
0.0352255
0.0350983
0.0351004
0.0351026
0.0351085
0.0351129
0.0351214
0.0351291
0.0351392
0.0351511
0.0351622
0.0351785
0.0351909
0.0352113
0.0352255
0.0352499
0.0352658
0.035294
0.0353126
0.0353435
0.0353657
0.0353975
0.0354278
0.0354525
0.035501
0.0354141
0.0354161
0.0354181
0.0354237
0.0354277
0.0354357
0.0354427
0.0354521
0.0354632
0.0354733
0.0354886
0.0354998
0.0355189
0.0355317
0.0355547
0.0355689
0.0355956
0.0356121
0.0356417
0.0356614
0.0356923
0.0357189
0.0357436
0.0357875
0.035742
0.035744
0.0357458
0.0357511
0.0357546
0.0357621
0.0357684
0.0357771
0.0357873
0.0357965
0.0358107
0.0358208
0.0358387
0.0358499
0.0358716
0.035884
0.0359092
0.0359237
0.0359519
0.0359691
0.0359987
0.0360221
0.0360466
0.0360857
0.0360823
0.0360842
0.0360858
0.0360908
0.0360939
0.0361009
0.0361065
0.0361145
0.0361238
0.036132
0.0361452
0.036154
0.0361707
0.0361805
0.0362007
0.0362114
0.0362351
0.0362474
0.0362741
0.0362888
0.0363172
0.0363373
0.0363615
0.0363961
0.0364349
0.0364368
0.0364382
0.0364429
0.0364455
0.036452
0.0364569
0.0364642
0.0364726
0.0364798
0.0364919
0.0364996
0.036515
0.0365234
0.0365423
0.0365511
0.0365734
0.0365835
0.0366088
0.0366208
0.0366477
0.0366647
0.0366885
0.0367185
0.0368
0.0368019
0.036803
0.0368075
0.0368096
0.0368156
0.0368199
0.0368264
0.0368339
0.0368402
0.0368512
0.0368577
0.0368719
0.0368787
0.0368963
0.0369033
0.0369241
0.0369321
0.0369559
0.0369653
0.0369908
0.0370044
0.0370279
0.0370532
0.0371777
0.0371794
0.0371804
0.0371846
0.0371863
0.0371918
0.0371954
0.0372012
0.0372078
0.0372131
0.0372231
0.0372283
0.0372412
0.0372466
0.0372628
0.0372681
0.0372875
0.0372933
0.0373156
0.0373224
0.0373464
0.0373567
0.0373796
0.0374001
0.037568
0.0375697
0.0375705
0.0375744
0.0375757
0.0375807
0.0375836
0.0375888
0.0375945
0.0375988
0.0376077
0.0376117
0.0376234
0.0376272
0.037642
0.0376456
0.0376635
0.0376672
0.037688
0.0376922
0.0377148
0.0377219
0.0377438
0.0377597
0.037971
0.0379727
0.0379733
0.0379769
0.0379778
0.0379823
0.0379846
0.037989
0.0379939
0.0379973
0.0380051
0.0380079
0.0380183
0.0380207
0.038034
0.0380358
0.0380522
0.0380538
0.0380732
0.0380748
0.038096
0.0381
0.0381207
0.0381318
0.038387
0.0383886
0.038389
0.0383924
0.0383928
0.038397
0.0383985
0.0384023
0.0384063
0.0384087
0.0384155
0.038417
0.0384262
0.0384271
0.038439
0.038439
0.0384539
0.0384533
0.0384712
0.0384703
0.0384901
0.038491
0.0385107
0.0385169
0.0388158
0.0388175
0.0388176
0.0388208
0.0388208
0.0388244
0.0388254
0.0388285
0.0388316
0.0388332
0.0388388
0.0388392
0.0388472
0.0388466
0.0388571
0.0388553
0.0388687
0.0388658
0.0388822
0.0388786
0.0388971
0.0388948
0.0389136
0.0389151
0.0392579
0.0392595
0.0392594
0.0392624
0.0392619
0.0392652
0.0392654
0.0392678
0.0392701
0.0392708
0.0392754
0.0392746
0.0392814
0.0392792
0.0392884
0.0392848
0.0392967
0.0392916
0.0393064
0.0393001
0.0393171
0.0393117
0.0393294
0.0393268
0.0397131
0.0397146
0.0397144
0.0397171
0.0397162
0.039719
0.0397187
0.0397204
0.0397218
0.0397215
0.0397251
0.0397232
0.0397287
0.0397252
0.0397329
0.0397275
0.039738
0.0397306
0.039744
0.0397349
0.0397506
0.0397417
0.0397581
0.0397519
0.0401817
0.0401833
0.0401828
0.0401853
0.0401839
0.0401863
0.0401853
0.0401863
0.0401869
0.0401857
0.0401883
0.0401851
0.0401895
0.0401844
0.0401909
0.0401837
0.0401928
0.0401831
0.0401952
0.0401831
0.0401975
0.0401852
0.0402004
0.0401899
0.0406638
0.0406653
0.0406647
0.0406668
0.0406651
0.040667
0.0406653
0.0406657
0.0406654
0.0406633
0.0406648
0.0406605
0.0406636
0.0406571
0.0406622
0.0406532
0.040661
0.040649
0.0406598
0.0406448
0.0406582
0.0406421
0.0406564
0.0406412
0.0411595
0.0411609
0.0411601
0.0411621
0.0411598
0.0411613
0.0411589
0.0411587
0.0411575
0.0411545
0.0411549
0.0411494
0.0411514
0.0411433
0.0411471
0.0411363
0.0411427
0.0411284
0.0411381
0.0411202
0.0411324
0.0411128
0.0411263
0.0411065
0.0416688
0.0416702
0.0416692
0.0416709
0.0416683
0.0416692
0.0416663
0.0416652
0.0416632
0.0416592
0.0416586
0.0416519
0.0416526
0.0416432
0.0416456
0.041633
0.041638
0.0416214
0.0416298
0.0416092
0.0416204
0.041597
0.0416101
0.0415857
0.0421919
0.0421933
0.0421921
0.0421936
0.0421904
0.042191
0.0421873
0.0421856
0.0421827
0.0421778
0.0421761
0.0421682
0.0421677
0.0421567
0.0421577
0.0421433
0.042147
0.0421281
0.0421352
0.0421118
0.042122
0.0420949
0.0421077
0.0420784
0.0427289
0.0427302
0.0427288
0.04273
0.0427264
0.0427265
0.0427221
0.0427197
0.0427159
0.0427101
0.0427073
0.0426982
0.0426965
0.042684
0.0426837
0.0426674
0.0426698
0.0426486
0.0426544
0.042628
0.0426376
0.0426063
0.0426193
0.0425847
0.0432796
0.0432809
0.0432793
0.0432803
0.0432762
0.0432759
0.0432708
0.0432677
0.043263
0.0432562
0.0432524
0.0432421
0.0432391
0.0432252
0.0432235
0.0432054
0.0432064
0.0431829
0.0431875
0.043158
0.0431669
0.0431316
0.0431447
0.0431052
0.0438442
0.0438455
0.0438437
0.0438444
0.0438399
0.043839
0.0438333
0.0438295
0.043824
0.0438162
0.0438113
0.0437998
0.0437957
0.0437802
0.0437772
0.0437572
0.043757
0.0437311
0.0437346
0.0437017
0.0437104
0.0436702
0.0436843
0.0436395
0.0444226
0.0444239
0.0444218
0.0444224
0.0444173
0.0444161
0.0444096
0.0444052
0.0443988
0.0443901
0.0443842
0.0443714
0.0443661
0.0443491
0.0443449
0.0443228
0.0443216
0.044293
0.0442958
0.0442595
0.0442681
0.0442232
0.0442374
0.0441879
0.0450148
0.045016
0.0450138
0.045014
0.0450086
0.0450069
0.0449998
0.0449947
0.0449874
0.0449778
0.0449709
0.0449569
0.0449504
0.0449318
0.0449265
0.0449024
0.0449002
0.0448687
0.0448712
0.0448312
0.0448401
0.0447902
0.0448046
0.0447505
0.0456207
0.0456219
0.0456194
0.0456195
0.0456136
0.0456115
0.0456037
0.045598
0.0455898
0.0455792
0.0455714
0.0455561
0.0455487
0.0455284
0.0455222
0.0454958
0.0454929
0.0454584
0.0454607
0.0454163
0.045426
0.045372
0.0453857
0.0453273
0.0462401
0.0462412
0.0462386
0.0462384
0.0462321
0.0462296
0.0462212
0.0462148
0.0462059
0.0461944
0.0461857
0.0461691
0.0461608
0.0461387
0.0461318
0.0461029
0.0460998
0.046062
0.0460647
0.046016
0.0460254
0.0459679
0.045981
0.0459184
0.0468729
0.046874
0.0468712
0.0468709
0.0468641
0.0468613
0.0468522
0.0468453
0.0468356
0.0468231
0.0468137
0.0467957
0.0467868
0.0467626
0.0467555
0.0467237
0.0467208
0.0466789
0.0466824
0.0466303
0.0466388
0.0465781
0.0465904
0.0465238
0.047519
0.0475201
0.0475171
0.0475165
0.0475094
0.0475062
0.0474966
0.047489
0.0474787
0.0474652
0.0474553
0.0474357
0.0474266
0.0473999
0.0473933
0.0473579
0.047356
0.0473107
0.047313
0.0472589
0.047266
0.0472025
0.047214
0.0471435
0.048178
0.0481792
0.048176
0.0481753
0.0481678
0.0481643
0.0481541
0.048146
0.0481351
0.0481205
0.0481104
0.0480888
0.0480802
0.0480507
0.0480447
0.0480063
0.0480036
0.0479565
0.0479579
0.0479015
0.0479075
0.047841
0.0478518
0.0477775
0.0488499
0.0488511
0.0488477
0.048847
0.0488391
0.0488354
0.0488246
0.0488158
0.0488048
0.0487887
0.0487791
0.048755
0.048747
0.0487152
0.0487088
0.0486689
0.0486651
0.0486166
0.0486162
0.048558
0.0485629
0.0484936
0.0485037
0.0484258
0.0495344
0.0495357
0.0495319
0.0495315
0.0495229
0.0495193
0.0495079
0.0494984
0.0494876
0.0494699
0.0494603
0.0494351
0.0494261
0.0493936
0.0493859
0.0493451
0.0493398
0.0492898
0.0492885
0.0492283
0.0492319
0.0491603
0.0491696
0.0490882
0.0502313
0.0502327
0.0502286
0.0502284
0.0502191
0.0502157
0.0502036
0.050194
0.0501824
0.0501645
0.050154
0.0501282
0.0501183
0.050085
0.0500764
0.0500344
0.0500282
0.0499767
0.0499742
0.0499123
0.049915
0.0498409
0.0498494
0.0497648
0.0509404
0.0509418
0.0509377
0.0509372
0.050928
0.0509242
0.0509114
0.0509025
0.0508895
0.0508716
0.0508603
0.050834
0.0508233
0.0507894
0.0507796
0.050737
0.0507295
0.0506769
0.0506732
0.0506098
0.0506113
0.0505351
0.0505429
0.0504552
0.0516614
0.0516629
0.0516589
0.0516582
0.0516489
0.0516449
0.0516318
0.051623
0.0516085
0.0515916
0.0515788
0.0515524
0.051541
0.0515063
0.0514957
0.0514523
0.0514438
0.0513902
0.0513855
0.0513205
0.0513212
0.0512429
0.0512499
0.0511594
0.0523944
0.0523958
0.0523918
0.0523911
0.0523816
0.0523776
0.0523642
0.0523554
0.05234
0.0523236
0.0523091
0.0522835
0.0522708
0.0522358
0.0522243
0.0521802
0.0521708
0.0521163
0.0521107
0.0520442
0.0520439
0.0519639
0.0519703
0.051877
0.0531391
0.0531406
0.0531366
0.0531357
0.0531262
0.0531221
0.0531084
0.0530996
0.0530836
0.0530675
0.0530518
0.0530268
0.0530123
0.0529778
0.0529653
0.0529206
0.0529102
0.0528549
0.0528483
0.0527807
0.0527796
0.0526978
0.0527034
0.0526078
0.0538954
0.053897
0.0538929
0.0538921
0.0538825
0.0538784
0.0538644
0.0538555
0.053839
0.0538231
0.0538065
0.0537817
0.0537662
0.0537316
0.0537182
0.0536729
0.0536617
0.0536056
0.0535983
0.0535295
0.0535274
0.0534442
0.0534493
0.0533513
0.0546635
0.0546651
0.054661
0.0546602
0.0546504
0.0546463
0.0546321
0.0546232
0.0546062
0.0545905
0.0545729
0.0545484
0.0545318
0.0544972
0.054483
0.0544369
0.0544251
0.0543682
0.0543601
0.0542902
0.0542875
0.0542029
0.0542072
0.0541073
0.0554432
0.0554448
0.0554407
0.05544
0.05543
0.0554258
0.0554114
0.0554023
0.0553849
0.0553693
0.0553508
0.0553264
0.055309
0.055274
0.0552591
0.0552124
0.0552
0.0551423
0.0551332
0.0550627
0.0550588
0.0549732
0.0549769
0.0548752
0.0562346
0.0562364
0.0562321
0.0562314
0.0562212
0.056217
0.0562021
0.056193
0.056175
0.0561594
0.05614
0.0561157
0.0560972
0.056062
0.0560462
0.0559991
0.055986
0.0559272
0.0559177
0.0558462
0.0558417
0.055755
0.0557579
0.0556547
0.0570376
0.0570395
0.057035
0.0570343
0.0570238
0.0570195
0.0570042
0.0569948
0.0569763
0.0569604
0.05694
0.0569158
0.0568961
0.0568608
0.0568441
0.0567962
0.0567828
0.0567232
0.0567127
0.0566406
0.0566349
0.0565476
0.0565499
0.0564454
0.0578521
0.0578541
0.0578494
0.0578486
0.0578377
0.0578331
0.0578173
0.0578075
0.0577884
0.0577721
0.0577506
0.0577265
0.0577054
0.0576701
0.0576522
0.057604
0.0575897
0.0575293
0.0575183
0.0574452
0.057439
0.057351
0.0573525
0.0572471
0.0586774
0.0586794
0.0586745
0.0586735
0.0586622
0.0586572
0.0586409
0.0586305
0.0586107
0.058594
0.0585713
0.0585473
0.0585244
0.0584896
0.0584701
0.0584217
0.0584067
0.0583458
0.0583337
0.0582602
0.0582531
0.0581646
0.0581655
0.0580592
0.0595125
0.0595145
0.0595095
0.0595082
0.0594966
0.059491
0.0594742
0.0594633
0.0594427
0.0594254
0.0594018
0.0593777
0.059353
0.059319
0.059297
0.0592499
0.059233
0.0591717
0.0591594
0.0590852
0.0590775
0.0589886
0.0589888
0.058882
0.0603558
0.0603578
0.0603527
0.0603511
0.0603393
0.0603334
0.0603161
0.0603047
0.0602836
0.0602657
0.0602413
0.0602172
0.0601909
0.0601575
0.0601333
0.0600873
0.0600686
0.0600077
0.0599945
0.0599203
0.0599118
0.0598228
0.0598224
0.0597153
0.0612053
0.0612073
0.0612023
0.0612006
0.0611887
0.0611826
0.0611653
0.0611536
0.0611322
0.0611141
0.0610892
0.0610651
0.0610376
0.0610051
0.0609787
0.0609345
0.060913
0.0608541
0.0608393
0.0607654
0.0607563
0.0606673
0.0606665
0.0605594
0.0620586
0.0620607
0.0620559
0.0620544
0.0620427
0.062037
0.0620199
0.0620084
0.0619873
0.0619695
0.0619447
0.0619209
0.0618929
0.0618613
0.0618337
0.0617908
0.0617676
0.06171
0.0616938
0.0616206
0.061611
0.0615225
0.0615214
0.0614144
0.062914
0.0629162
0.0629118
0.0629108
0.0628998
0.0628947
0.0628784
0.0628679
0.0628477
0.0628308
0.0628068
0.0627839
0.0627565
0.062726
0.0626977
0.0626568
0.0626316
0.0625766
0.0625586
0.0624866
0.0624766
0.0623885
0.0623873
0.0622807
0.0637705
0.0637729
0.063769
0.0637688
0.0637587
0.0637549
0.0637399
0.0637309
0.0637122
0.063697
0.0636746
0.0636535
0.0636272
0.0635986
0.0635709
0.0635321
0.0635065
0.0634535
0.063434
0.063364
0.0633536
0.0632657
0.0632645
0.0631583
0.064629
0.0646317
0.0646285
0.0646292
0.0646203
0.0646179
0.0646046
0.0645974
0.0645808
0.0645677
0.0645475
0.0645288
0.0645047
0.0644785
0.0644526
0.0644165
0.0643915
0.0643415
0.0643215
0.0642532
0.0642426
0.0641546
0.0641537
0.0640474
0.0654928
0.0654958
0.0654931
0.0654948
0.0654869
0.0654861
0.0654742
0.0654691
0.0654544
0.0654438
0.0654258
0.0654099
0.0653881
0.065365
0.0653417
0.0653084
0.0652856
0.0652387
0.0652198
0.0651542
0.0651444
0.0650564
0.0650557
0.0649484
0.0663675
0.0663711
0.0663684
0.0663711
0.0663635
0.0663641
0.066353
0.0663497
0.0663362
0.0663277
0.0663115
0.0662981
0.0662785
0.066258
0.066238
0.0662066
0.0661884
0.0661424
0.0661287
0.0660637
0.0660582
0.0659713
0.0659717
0.0658639
0.0672609
0.0672651
0.0672616
0.0672657
0.0672569
0.0672593
0.0672466
0.0672456
0.0672308
0.0672247
0.0672081
0.0671967
0.0671779
0.0671591
0.0671431
0.0671092
0.0671003
0.0670488
0.0670459
0.0669781
0.0669799
0.0668951
0.0668993
0.066797
0.0681823
0.068186
0.0681833
0.0681855
0.0681777
0.0681774
0.068166
0.0681618
0.0681481
0.0681393
0.0681232
0.0681106
0.0680912
0.0680741
0.0680555
0.0680242
0.0680155
0.0679659
0.0679641
0.0678988
0.0679037
0.067821
0.0678298
0.0677353
0.0691399
0.0691433
0.0691401
0.0691413
0.069132
0.06913
0.0691164
0.0691099
0.0690936
0.0690821
0.0690632
0.0690478
0.0690257
0.0690068
0.0689833
0.0689557
0.0689388
0.0688934
0.0688892
0.0688233
0.0688305
0.0687459
0.0687583
0.068664
0.0701403
0.0701436
0.0701393
0.0701392
0.0701279
0.0701236
0.0701069
0.0700971
0.0700768
0.070061
0.0700375
0.0700172
0.0699901
0.0699662
0.069937
0.0699058
0.0698824
0.0698361
0.0698265
0.0697573
0.0697646
0.0696751
0.0696897
0.0695913
0.0711868
0.0711903
0.0711846
0.0711835
0.0711697
0.071163
0.0711427
0.0711293
0.0711041
0.0710836
0.0710538
0.0710278
0.0709933
0.0709627
0.0709251
0.0708872
0.0708552
0.0708018
0.0707854
0.0707077
0.0707125
0.0706142
0.0706296
0.0705228
0.0722796
0.0722835
0.0722761
0.0722746
0.0722581
0.0722498
0.0722255
0.0722097
0.0721784
0.0721553
0.072117
0.0720873
0.0720429
0.0720057
0.0719587
0.0719107
0.0718707
0.0718016
0.0717791
0.0716871
0.0716845
0.0715729
0.0715859
0.0714652
0.0734151
0.0734185
0.0734117
0.0734078
0.0733913
0.0733798
0.0733547
0.0733342
0.073302
0.0732717
0.0732323
0.0731936
0.0731458
0.0730998
0.073044
0.0729902
0.0729321
0.0728588
0.0728183
0.0727135
0.0726964
0.0725661
0.0725709
0.0724282
0.074587
0.07459
0.0745833
0.0745789
0.0745615
0.0745491
0.0745225
0.0745005
0.0744661
0.0744335
0.074391
0.074349
0.074297
0.0742461
0.0741847
0.0741239
0.0740548
0.0739806
0.0739123
0.0738098
0.0737661
0.0736184
0.0736066
0.0734307
0.075787
0.07579
0.0757833
0.0757788
0.0757612
0.0757486
0.0757216
0.075699
0.075664
0.0756305
0.075587
0.0755435
0.0754901
0.075437
0.0753731
0.0753093
0.075236
0.0751579
0.0750792
0.0749784
0.074905
0.0747603
0.0747216
0.074508
0.0770067
0.0770097
0.0770032
0.076999
0.0769817
0.0769694
0.0769428
0.0769206
0.076886
0.076853
0.0768099
0.0767669
0.0767139
0.0766612
0.0765978
0.0765342
0.0764613
0.0763833
0.0763041
0.0762051
0.0761255
0.0759891
0.0759328
0.0757074
0.078237
0.0782404
0.0782342
0.0782306
0.0782138
0.0782025
0.0781766
0.0781556
0.0781221
0.0780905
0.0780489
0.0780076
0.0779564
0.0779058
0.0778446
0.0777836
0.0777132
0.0776384
0.0775641
0.077466
0.0773986
0.0772605
0.0772208
0.0770227
0.0794705
0.0794742
0.0794683
0.0794655
0.0794494
0.0794393
0.0794145
0.0793951
0.0793632
0.0793336
0.079294
0.0792553
0.0792066
0.0791591
0.079101
0.0790437
0.0789771
0.0789069
0.0788371
0.0787451
0.0786831
0.0785529
0.0785161
0.0783324
0.0806998
0.0807038
0.0806983
0.0806964
0.0806811
0.0806723
0.0806489
0.0806314
0.0806012
0.0805741
0.0805368
0.080501
0.0804552
0.0804113
0.0803568
0.0803036
0.0802413
0.0801763
0.0801115
0.0800256
0.0799685
0.0798479
0.0798134
0.0796436
0.0819188
0.0819234
0.0819181
0.0819172
0.0819027
0.0818955
0.0818733
0.081858
0.0818296
0.0818053
0.0817701
0.081738
0.0816948
0.0816551
0.081604
0.0815556
0.0814975
0.0814386
0.0813776
0.0812985
0.0812466
0.0811356
0.0811033
0.0809473
0.0831228
0.0831277
0.0831222
0.0831231
0.0831086
0.0831037
0.0830821
0.0830699
0.0830423
0.0830219
0.0829879
0.0829607
0.0829189
0.0828849
0.082836
0.0827934
0.082739
0.0826855
0.0826302
0.082557
0.0825094
0.0824084
0.0823782
0.0822359
0.0843072
0.0843125
0.0843071
0.0843092
0.0842951
0.0842924
0.0842713
0.0842622
0.0842354
0.0842192
0.0841859
0.0841641
0.084123
0.0840957
0.0840475
0.0840127
0.0839598
0.0839134
0.0838617
0.0837965
0.0837521
0.0836613
0.0836332
0.0835042
0.0854685
0.0854738
0.0854695
0.0854714
0.0854595
0.0854566
0.0854388
0.0854296
0.085407
0.085391
0.0853627
0.0853416
0.0853059
0.0852804
0.0852376
0.0852061
0.0851582
0.0851174
0.0850692
0.085011
0.0849706
0.0848895
0.0848635
0.0847475
0.086604
0.0866095
0.0866057
0.0866081
0.0865975
0.0865955
0.0865796
0.0865716
0.0865519
0.0865371
0.0865128
0.0864929
0.0864624
0.0864383
0.0864013
0.0863721
0.0863296
0.0862938
0.0862486
0.0861999
0.0861616
0.08609
0.0860659
0.0859625
0.0877117
0.0877168
0.0877136
0.0877165
0.0877069
0.087706
0.0876917
0.0876852
0.0876677
0.0876548
0.0876335
0.0876158
0.0875891
0.0875676
0.087535
0.0875092
0.0874713
0.0874398
0.0873989
0.0873579
0.0873222
0.0872593
0.0872374
0.087146
0.0887888
0.0887943
0.0887914
0.0887949
0.0887862
0.0887863
0.0887734
0.0887685
0.088753
0.0887421
0.0887235
0.0887082
0.0886847
0.088666
0.0886374
0.0886149
0.0885815
0.0885546
0.0885179
0.0884833
0.088449
0.0883964
0.0883762
0.0882965
0.0898347
0.0898399
0.0898376
0.0898415
0.0898337
0.0898348
0.0898233
0.0898198
0.0898063
0.0897972
0.089781
0.089768
0.0897477
0.0897318
0.0897068
0.0896877
0.0896583
0.0896356
0.0896031
0.0895741
0.0895423
0.0894989
0.0894801
0.0894116
0.0908479
0.0908532
0.0908511
0.0908556
0.0908484
0.0908506
0.0908402
0.0908383
0.0908264
0.0908191
0.0908053
0.0907945
0.090777
0.0907638
0.0907422
0.0907262
0.0907008
0.0906818
0.0906536
0.0906295
0.090601
0.0905656
0.0905488
0.0904905
0.0918277
0.0918328
0.0918311
0.0918359
0.0918297
0.0918325
0.0918234
0.0918227
0.0918125
0.0918069
0.0917952
0.0917866
0.0917718
0.091761
0.0917427
0.0917298
0.0917078
0.0916926
0.0916678
0.0916485
0.0916237
0.0915959
0.0915802
0.0915315
0.0927736
0.0927787
0.0927771
0.0927826
0.0927765
0.0927807
0.0927722
0.0927731
0.0927641
0.0927604
0.0927505
0.092744
0.0927316
0.0927233
0.0927078
0.0926977
0.0926792
0.0926672
0.0926466
0.0926311
0.0926099
0.0925885
0.0925745
0.0925344
0.093685
0.0936901
0.0936889
0.0936945
0.0936894
0.093694
0.0936868
0.0936884
0.0936812
0.0936787
0.0936708
0.0936661
0.093656
0.0936499
0.0936372
0.0936298
0.0936143
0.0936058
0.093588
0.0935772
0.093559
0.093543
0.0935304
0.0934989
0.0945626
0.0945674
0.0945662
0.0945724
0.0945676
0.094573
0.0945666
0.0945696
0.0945633
0.0945625
0.0945561
0.0945532
0.0945451
0.0945412
0.0945309
0.0945261
0.0945134
0.0945078
0.0944936
0.0944857
0.0944714
0.0944599
0.0944492
0.0944254
0.0954054
0.0954103
0.0954098
0.0954153
0.095412
0.0954171
0.0954124
0.0954155
0.0954111
0.0954111
0.0954066
0.0954051
0.0953991
0.095397
0.0953891
0.0953865
0.0953765
0.0953737
0.0953619
0.0953581
0.0953459
0.0953388
0.0953307
0.0953137
0.0962149
0.0962197
0.0962185
0.0962256
0.0962212
0.0962285
0.096223
0.0962283
0.0962238
0.0962259
0.0962222
0.0962226
0.0962182
0.0962179
0.096212
0.0962118
0.096204
0.0962038
0.096195
0.0961937
0.0961848
0.0961815
0.0961752
0.0961648
0.0969905
0.0969947
0.0969958
0.0969994
0.097
0.0970027
0.0970027
0.0970048
0.0970044
0.0970054
0.0970043
0.0970053
0.0970029
0.0970041
0.0970004
0.0970019
0.0969965
0.0969987
0.096992
0.0969941
0.0969871
0.0969876
0.096984
0.0969786
0.0977334
0.0977383
0.0977367
0.0977454
0.0977397
0.0977504
0.0977438
0.0977527
0.0977484
0.0977537
0.0977518
0.0977551
0.0977536
0.0977566
0.0977544
0.0977579
0.0977544
0.0977587
0.0977545
0.097759
0.0977547
0.0977585
0.0977562
0.0977564
0.0984441
0.0984472
0.0984503
0.0984512
0.0984566
0.0984553
0.0984614
0.0984605
0.0984651
0.0984658
0.0984682
0.0984709
0.0984715
0.0984755
0.0984751
0.0984801
0.0984785
0.0984848
0.0984823
0.0984893
0.0984867
0.0984937
0.0984931
0.0984981
0.0991228
0.0991279
0.0991257
0.0991359
0.0991289
0.0991427
0.0991345
0.0991471
0.0991423
0.0991509
0.0991498
0.0991559
0.0991566
0.0991622
0.099163
0.0991696
0.0991695
0.0991775
0.099177
0.0991863
0.0991853
0.0991952
0.0991953
0.099205
0.0997718
0.0997739
0.0997785
0.0997774
0.0997861
0.0997821
0.0997927
0.0997893
0.0997982
0.0997982
0.0998038
0.0998076
0.0998108
0.0998169
0.0998193
0.0998271
0.0998284
0.0998381
0.0998387
0.0998499
0.0998505
0.099863
0.0998643
0.0998775
0.10039
0.100395
0.100393
0.100403
0.100396
0.10041
0.100403
0.100417
0.100413
0.100423
0.100423
0.100431
0.100434
0.100441
0.100445
0.100454
0.100456
0.100467
0.100469
0.100482
0.100484
0.100499
0.100501
0.100517
0.10098
0.100982
0.100987
0.100986
0.100994
0.100991
0.101002
0.101
0.10101
0.101011
0.101018
0.101023
0.101028
0.101036
0.10104
0.10105
0.101054
0.101066
0.101069
0.101084
0.101087
0.101104
0.101107
0.101125
0.101541
0.101545
0.101545
0.101552
0.10155
0.10156
0.101558
0.101568
0.101568
0.101578
0.10158
0.101589
0.101593
0.101602
0.101607
0.101618
0.101623
0.101636
0.10164
0.101656
0.10166
0.101678
0.101682
0.101703
0.102077
0.102078
0.102082
0.102084
0.102089
0.102091
0.102097
0.1021
0.102107
0.102112
0.102118
0.102125
0.102131
0.10214
0.102146
0.102158
0.102163
0.102178
0.102183
0.1022
0.102204
0.102225
0.102229
0.102252
0.102585
0.102588
0.10259
0.102594
0.102597
0.102601
0.102605
0.102611
0.102616
0.102622
0.102628
0.102636
0.102642
0.102653
0.102659
0.102672
0.102678
0.102693
0.102698
0.102717
0.102722
0.102743
0.102749
0.102772
0.10307
0.103072
0.103074
0.103078
0.103079
0.103086
0.103088
0.103096
0.103099
0.103108
0.103113
0.103122
0.103128
0.103139
0.103146
0.103159
0.103166
0.103182
0.103188
0.103207
0.103213
0.103236
0.103241
0.103267
0.103529
0.103532
0.103535
0.103536
0.103542
0.103543
0.103552
0.103554
0.103562
0.103567
0.103575
0.103583
0.103591
0.103602
0.103609
0.103623
0.10363
0.103646
0.103653
0.103673
0.103679
0.103703
0.103709
0.103736
0.103967
0.103969
0.10397
0.103975
0.103976
0.103984
0.103985
0.103995
0.103997
0.104007
0.104012
0.104022
0.104029
0.104041
0.104048
0.104062
0.10407
0.104087
0.104094
0.104115
0.104122
0.104146
0.104152
0.104181
0.104382
0.104384
0.104387
0.104389
0.104394
0.104396
0.104403
0.104407
0.104415
0.104421
0.104429
0.104438
0.104446
0.104457
0.104465
0.10448
0.104488
0.104505
0.104513
0.104534
0.104541
0.104566
0.104572
0.104604
0.104776
0.104778
0.10478
0.104783
0.104787
0.104791
0.104796
0.104802
0.104808
0.104816
0.104823
0.104833
0.104841
0.104853
0.104861
0.104876
0.104884
0.104902
0.10491
0.104931
0.104939
0.104965
0.104971
0.105002
0.105151
0.105153
0.105154
0.105159
0.105159
0.105168
0.105169
0.105178
0.105181
0.105192
0.105197
0.105208
0.105215
0.105228
0.105236
0.105251
0.10526
0.105278
0.105286
0.105308
0.105316
0.105342
0.105349
0.105382
0.105506
0.105507
0.105511
0.105511
0.105519
0.105517
0.105529
0.105529
0.10554
0.105544
0.105554
0.105563
0.105571
0.105584
0.105592
0.105607
0.105616
0.105634
0.105643
0.105665
0.105673
0.1057
0.105706
0.105739
0.105843
0.105846
0.105845
0.105852
0.105849
0.105862
0.105858
0.105872
0.105872
0.105885
0.105889
0.105901
0.105908
0.105921
0.105929
0.105945
0.105954
0.105972
0.10598
0.106003
0.106011
0.106038
0.106045
0.106078
0.106163
0.106163
0.106168
0.106166
0.106176
0.106173
0.106185
0.106185
0.106196
0.106201
0.10621
0.106219
0.106228
0.10624
0.106249
0.106264
0.106273
0.106292
0.1063
0.106323
0.106331
0.106358
0.106364
0.106398
0.106466
0.106468
0.106468
0.106474
0.106473
0.106483
0.106482
0.106493
0.106495
0.106507
0.106512
0.106523
0.10653
0.106544
0.106552
0.106567
0.106576
0.106595
0.106604
0.106627
0.106634
0.106662
0.106668
0.106701
0.106754
0.106754
0.106757
0.106759
0.106763
0.106767
0.106772
0.106778
0.106784
0.106792
0.106799
0.10681
0.106818
0.106831
0.106839
0.106854
0.106863
0.106882
0.106891
0.106913
0.106921
0.106948
0.106955
0.106988
0.107026
0.107027
0.10703
0.107031
0.107037
0.107038
0.107046
0.107049
0.107058
0.107064
0.107072
0.107082
0.10709
0.107103
0.107111
0.107127
0.107136
0.107154
0.107163
0.107186
0.107193
0.107221
0.107227
0.10726
0.107284
0.107286
0.107285
0.107293
0.107289
0.107302
0.107298
0.107312
0.107311
0.107324
0.107328
0.10734
0.107347
0.107361
0.107369
0.107384
0.107393
0.107412
0.10742
0.107443
0.10745
0.107478
0.107484
0.107517
0.10753
0.107529
0.107535
0.107531
0.107543
0.107537
0.107552
0.107549
0.107562
0.107565
0.107575
0.107584
0.107592
0.107605
0.107613
0.107629
0.107637
0.107656
0.107665
0.107687
0.107694
0.107723
0.107728
0.107761
0.107761
0.107764
0.107761
0.107771
0.107765
0.10778
0.107773
0.107789
0.107787
0.107801
0.107804
0.107816
0.107823
0.107836
0.107844
0.10786
0.107868
0.107887
0.107895
0.107918
0.107924
0.107953
0.107958
0.107992
0.107982
0.107981
0.107986
0.107984
0.107993
0.10799
0.108002
0.108001
0.108012
0.108017
0.108026
0.108035
0.108043
0.108055
0.108063
0.108079
0.108087
0.108106
0.108114
0.108137
0.108143
0.108172
0.108176
0.10821
0.108189
0.108191
0.108191
0.108196
0.108196
0.108203
0.108205
0.108213
0.108217
0.108227
0.108232
0.108243
0.10825
0.108263
0.108271
0.108286
0.108294
0.108313
0.108321
0.108344
0.108351
0.108376
0.108382
0.108416
0.108387
0.108388
0.108389
0.108392
0.108394
0.1084
0.108402
0.108411
0.108414
0.108424
0.108429
0.10844
0.108447
0.10846
0.108467
0.108483
0.108491
0.108509
0.108517
0.108539
0.108546
0.108573
0.108578
0.108611
0.108574
0.108574
0.108577
0.108577
0.108583
0.108584
0.108592
0.108594
0.108603
0.108608
0.108616
0.108625
0.108633
0.108645
0.108653
0.108668
0.108676
0.108695
0.108702
0.108724
0.10873
0.108758
0.108762
0.108795
0.108751
0.108753
0.108752
0.108758
0.108756
0.108765
0.108764
0.108775
0.108776
0.108787
0.108791
0.108803
0.108809
0.108822
0.108829
0.108845
0.108852
0.10887
0.108878
0.1089
0.108906
0.108933
0.108937
0.10897
0.108919
0.108919
0.108922
0.108922
0.108928
0.108928
0.108936
0.108939
0.108946
0.108952
0.108959
0.108969
0.108976
0.108988
0.108995
0.109011
0.109018
0.109037
0.109043
0.109066
0.109071
0.109099
0.109102
0.109134
0.109077
0.109078
0.109079
0.109083
0.109084
0.10909
0.109092
0.109099
0.109103
0.109112
0.109117
0.109127
0.109133
0.109146
0.109153
0.109169
0.109175
0.109194
0.1092
0.109223
0.109227
0.109255
0.109258
0.109291
0.109228
0.109228
0.10923
0.109232
0.109235
0.109239
0.109242
0.109248
0.109253
0.109261
0.109266
0.109277
0.109282
0.109296
0.109302
0.109318
0.109323
0.109343
0.109348
0.10937
0.109375
0.109402
0.109406
0.109437
0.10937
0.10937
0.109372
0.109374
0.109376
0.10938
0.109384
0.10939
0.109395
0.109403
0.109408
0.109418
0.109424
0.109437
0.109443
0.109459
0.109464
0.109483
0.109488
0.109511
0.109515
0.109542
0.109545
0.109577
0.109504
0.109505
0.109506
0.109509
0.10951
0.109515
0.109518
0.109525
0.109528
0.109537
0.109541
0.109552
0.109557
0.10957
0.109576
0.109592
0.109596
0.109617
0.109621
0.109644
0.109648
0.109674
0.109677
0.109708
0.109631
0.109632
0.109633
0.109635
0.109638
0.109641
0.109646
0.109651
0.109655
0.109663
0.109668
0.109678
0.109684
0.109697
0.109702
0.109718
0.109723
0.109742
0.109746
0.109769
0.109772
0.109799
0.109802
0.109833
0.109751
0.109752
0.109753
0.109756
0.109757
0.109763
0.109764
0.109772
0.109775
0.109784
0.109788
0.109798
0.109803
0.109816
0.109821
0.109837
0.109841
0.109861
0.109865
0.109887
0.109891
0.109917
0.10992
0.10995
0.109865
0.109865
0.109867
0.109869
0.109871
0.109875
0.109878
0.109884
0.109888
0.109896
0.109901
0.109911
0.109915
0.109929
0.109933
0.10995
0.109953
0.109974
0.109976
0.109999
0.110002
0.110028
0.110031
0.110061
0.109972
0.109973
0.109974
0.109977
0.109978
0.109983
0.109985
0.109993
0.109994
0.110004
0.110006
0.110019
0.110022
0.110036
0.110039
0.110056
0.11006
0.110079
0.110082
0.110104
0.110108
0.110133
0.110136
0.110165
0.110073
0.110074
0.110076
0.110076
0.110081
0.110082
0.110088
0.110091
0.110097
0.110103
0.110108
0.110118
0.110123
0.110136
0.11014
0.110156
0.110159
0.110179
0.110182
0.110204
0.110207
0.110232
0.110235
0.110264
0.110169
0.110171
0.110169
0.110176
0.110171
0.110183
0.110178
0.110191
0.110188
0.110202
0.110202
0.110215
0.110217
0.110231
0.110234
0.11025
0.110254
0.110273
0.110276
0.110298
0.110301
0.110326
0.110328
0.110357
0.110259
0.110258
0.110263
0.110258
0.11027
0.110264
0.110277
0.110273
0.110284
0.110287
0.110293
0.110303
0.110307
0.11032
0.110323
0.110339
0.110343
0.110362
0.110364
0.110386
0.110389
0.110414
0.110416
0.110445
0.110344
0.110346
0.110342
0.110353
0.110344
0.11036
0.110351
0.110367
0.110362
0.110376
0.110376
0.110389
0.110391
0.110405
0.110407
0.110423
0.110426
0.110445
0.110448
0.11047
0.110472
0.110497
0.110499
0.110528
0.110424
0.110423
0.110428
0.110424
0.110433
0.110429
0.110439
0.110438
0.110447
0.110452
0.110457
0.110466
0.11047
0.110483
0.110486
0.110502
0.110505
0.110524
0.110526
0.110548
0.110551
0.110574
0.110577
0.110604
0.110499
0.110501
0.110499
0.110504
0.110504
0.11051
0.11051
0.110519
0.110519
0.110529
0.11053
0.110542
0.110545
0.110558
0.110561
0.110577
0.110579
0.110598
0.110601
0.110622
0.110623
0.110648
0.11065
0.110678
0.110569
0.11057
0.11057
0.110575
0.110572
0.110581
0.110579
0.110588
0.110589
0.110598
0.110601
0.110611
0.110614
0.110627
0.11063
0.110646
0.110649
0.110667
0.110669
0.11069
0.110693
0.110716
0.110718
0.110745
0.110636
0.110635
0.11064
0.110636
0.110645
0.110641
0.110651
0.11065
0.110658
0.110663
0.110667
0.110678
0.11068
0.110693
0.110696
0.110711
0.110713
0.110732
0.110735
0.110755
0.110757
0.110781
0.110783
0.11081
0.110697
0.110699
0.110696
0.110704
0.110699
0.11071
0.110705
0.110718
0.110715
0.110726
0.110727
0.110738
0.110741
0.110754
0.110757
0.110772
0.110774
0.110792
0.110795
0.110815
0.110817
0.110841
0.110842
0.110869
0.110756
0.110754
0.11076
0.110755
0.110765
0.110761
0.110771
0.110768
0.110779
0.110781
0.110787
0.110795
0.110799
0.110811
0.110814
0.110829
0.110831
0.110849
0.110851
0.110872
0.110874
0.110897
0.110899
0.110925
0.110809
0.110811
0.110808
0.110816
0.110812
0.110821
0.110818
0.110829
0.110826
0.110837
0.110839
0.110848
0.110852
0.110864
0.110867
0.110882
0.110884
0.110902
0.110904
0.110924
0.110926
0.110949
0.11095
0.110977
0.11086
0.110859
0.110865
0.11086
0.110868
0.110865
0.110874
0.110872
0.110882
0.110885
0.110891
0.110898
0.110902
0.110913
0.110917
0.110931
0.110934
0.110951
0.110953
0.110973
0.110975
0.110998
0.111
0.111025
0.110906
0.110907
0.110905
0.110912
0.110909
0.110918
0.110915
0.110924
0.110924
0.110932
0.110935
0.110943
0.110948
0.110959
0.110963
0.110976
0.110979
0.110996
0.110998
0.111018
0.111019
0.111042
0.111043
0.11107
0.11095
0.11095
0.110953
0.110951
0.110958
0.110955
0.110964
0.110963
0.110971
0.110974
0.11098
0.110986
0.110992
0.111001
0.111005
0.111018
0.111022
0.111037
0.111041
0.11106
0.111062
0.111084
0.111086
0.111111
0.110989
0.11099
0.11099
0.110994
0.110993
0.110999
0.110999
0.111005
0.111007
0.111013
0.111018
0.111025
0.111031
0.111039
0.111045
0.111056
0.11106
0.111075
0.111078
0.111097
0.111099
0.111121
0.111122
0.111148
0.111027
0.111028
0.111029
0.111029
0.111033
0.111034
0.111039
0.111041
0.111046
0.11105
0.111056
0.111061
0.111067
0.111075
0.111081
0.111092
0.111096
0.111111
0.111114
0.111133
0.111135
0.111156
0.111158
0.111183
0.11106
0.11106
0.111061
0.111063
0.111064
0.111068
0.11107
0.111074
0.111078
0.111082
0.111088
0.111094
0.1111
0.111107
0.111113
0.111123
0.111128
0.111141
0.111145
0.111163
0.111165
0.111187
0.111188
0.111213
0.111093
0.111093
0.111094
0.111095
0.111097
0.111099
0.111103
0.111106
0.11111
0.111114
0.111119
0.111124
0.11113
0.111137
0.111143
0.111152
0.111158
0.111171
0.111176
0.111191
0.111195
0.111215
0.111217
0.111242
0.11112
0.11112
0.111121
0.111122
0.111124
0.111126
0.111129
0.111132
0.111136
0.11114
0.111145
0.111151
0.111156
0.111163
0.111169
0.111177
0.111184
0.111195
0.111199
0.111216
0.111219
0.111239
0.11124
0.111265
0.111147
0.111148
0.111148
0.11115
0.111151
0.111154
0.111156
0.111159
0.111163
0.111167
0.111171
0.111175
0.111181
0.111187
0.111193
0.111201
0.111208
0.111218
0.111225
0.111238
0.111242
0.111262
0.111263
0.111288
0.11117
0.11117
0.111171
0.111172
0.111173
0.111175
0.111178
0.11118
0.111184
0.111187
0.111192
0.111197
0.111202
0.111207
0.111213
0.11122
0.111227
0.111235
0.111242
0.111255
0.11126
0.111278
0.11128
0.111304
0.111193
0.111193
0.111194
0.111195
0.111196
0.111198
0.1112
0.111203
0.111206
0.111209
0.111212
0.111216
0.111221
0.111226
0.111232
0.111239
0.111245
0.111254
0.111261
0.111272
0.111277
0.111295
0.111297
0.111321
0.111211
0.111211
0.111212
0.111212
0.111214
0.111215
0.111217
0.111219
0.111222
0.111225
0.111229
0.111232
0.111236
0.111241
0.111246
0.111252
0.111258
0.111265
0.111273
0.111283
0.111289
0.111305
0.111308
0.111331
0.11123
0.11123
0.111231
0.111232
0.111233
0.111234
0.111236
0.111237
0.111239
0.111242
0.111244
0.111248
0.111251
0.111256
0.11126
0.111265
0.111271
0.111277
0.111284
0.111292
0.1113
0.111314
0.111318
0.111341
0.111246
0.111246
0.111246
0.111247
0.111248
0.111248
0.11125
0.111251
0.111253
0.111255
0.111258
0.11126
0.111263
0.111266
0.11127
0.111274
0.111278
0.111284
0.11129
0.111297
0.111304
0.111316
0.111321
0.111344
0.111267
0.111267
0.111268
0.111268
0.111269
0.111269
0.11127
0.111271
0.111272
0.111273
0.111274
0.111276
0.111278
0.11128
0.111282
0.111284
0.111287
0.11129
0.111294
0.111298
0.111303
0.11131
0.111316
0.111334
0.111288
0.111288
0.111288
0.111287
0.111288
0.111288
0.111288
0.111288
0.111288
0.111289
0.111289
0.111289
0.11129
0.111291
0.111291
0.111292
0.111293
0.111294
0.111295
0.111297
0.111298
0.1113
0.111303
0.111309
0.111296
0.111296
0.111296
0.111296
0.111296
0.111296
0.111296
0.111296
0.111296
0.111296
0.111296
0.111296
0.111296
0.111296
0.111296
0.111296
0.111296
0.111296
0.111296
0.111296
0.111296
0.111296
0.111296
0.111296
)
;

boundaryField
{
    asym1
    {
        type            wedge;
    }
    asym2
    {
        type            wedge;
    }
    inlet
    {
        type            calculated;
        value           nonuniform List<scalar> 
24
(
0.111289
0.111289
0.111289
0.111289
0.111289
0.111289
0.11129
0.11129
0.11129
0.11129
0.111291
0.111291
0.111291
0.111292
0.111292
0.111293
0.111294
0.111294
0.111295
0.111297
0.111298
0.1113
0.111301
0.111306
)
;
    }
    nozzle
    {
        type            calculated;
        value           nonuniform List<scalar> 
174
(
0.111296
0.111309
0.111334
0.111344
0.111341
0.111331
0.111321
0.111304
0.111288
0.111265
0.111242
0.111213
0.111183
0.111148
0.111111
0.11107
0.111025
0.110977
0.110925
0.110869
0.11081
0.110745
0.110678
0.110604
0.110528
0.110445
0.110357
0.110264
0.110165
0.110061
0.10995
0.109833
0.109708
0.109577
0.109437
0.109291
0.109134
0.10897
0.108795
0.108611
0.108416
0.10821
0.107992
0.107761
0.107517
0.10726
0.106988
0.106701
0.106398
0.106078
0.105739
0.105382
0.105002
0.104604
0.104181
0.103736
0.103267
0.102772
0.102252
0.101703
0.101125
0.100517
0.0998775
0.099205
0.0984981
0.0977564
0.0969786
0.0961648
0.0953137
0.0944254
0.0934989
0.0925344
0.0915315
0.0904905
0.0894116
0.0882965
0.087146
0.0859625
0.0847475
0.0835042
0.0822359
0.0809473
0.0796436
0.0783324
0.0770227
0.0757074
0.074508
0.0734307
0.0724282
0.0714652
0.0705228
0.0695913
0.068664
0.0677353
0.066797
0.0658639
0.0649484
0.0640474
0.0631583
0.0622807
0.0614144
0.0605594
0.0597153
0.058882
0.0580592
0.0572471
0.0564454
0.0556547
0.0548752
0.0541073
0.0533513
0.0526078
0.051877
0.0511594
0.0504552
0.0497648
0.0490882
0.0484258
0.0477775
0.0471435
0.0465238
0.0459184
0.0453273
0.0447505
0.0441879
0.0436395
0.0431052
0.0425847
0.0420784
0.0415857
0.0411065
0.0406412
0.0401899
0.0397519
0.0393268
0.0389151
0.0385169
0.0381318
0.0377597
0.0374001
0.0370532
0.0367185
0.0363961
0.0360857
0.0357875
0.035501
0.0352255
0.0349617
0.0347089
0.0344675
0.034237
0.0340173
0.033808
0.0336093
0.0334209
0.0332429
0.0330751
0.0329175
0.0327699
0.0326322
0.0325044
0.0323865
0.0322783
0.0321796
0.0320904
0.0320108
0.0319404
0.0318796
0.0318275
0.0317844
0.0317408
0.0317387
0.0317079
0.0317552
)
;
    }
    outlet
    {
        type            calculated;
        value           nonuniform List<scalar> 
24
(
0.0308527
0.0308556
0.0308613
0.0308709
0.030883
0.0308982
0.0309175
0.0309375
0.0309644
0.0309888
0.0310227
0.0310529
0.0310916
0.0311295
0.0311709
0.0312188
0.0312584
0.0313214
0.0313568
0.0314363
0.0314657
0.031563
0.0315825
0.031687
)
;
    }
}


// ************************************************************************* //
