/*--------------------------------*- C++ -*----------------------------------*\
  =========                 |
  \\      /  F ield         | OpenFOAM: The Open Source CFD Toolbox
   \\    /   O peration     | Website:  https://openfoam.org
    \\  /    A nd           | Version:  10
     \\/     M anipulation  |
\*---------------------------------------------------------------------------*/
FoamFile
{
    format      ascii;
    class       volScalarField;
    location    "0.37";
    object      rho;
}
// * * * * * * * * * * * * * * * * * * * * * * * * * * * * * * * * * * * * * //

dimensions      [1 -3 0 0 0 0 0];

internalField   nonuniform List<scalar> 
4176
(
0.0308487
0.0308517
0.0308579
0.0308682
0.0308814
0.0308977
0.0309187
0.0309401
0.0309693
0.0309955
0.0310323
0.0310647
0.0311069
0.0311476
0.0311924
0.0312439
0.0312871
0.0313548
0.0313933
0.0314791
0.0315109
0.031616
0.0316361
0.0317504
0.0308568
0.0308595
0.0308648
0.0308747
0.0308858
0.0309016
0.0309192
0.0309399
0.0309649
0.0309899
0.031022
0.0310523
0.0310899
0.0311271
0.031168
0.0312141
0.0312541
0.0313143
0.0313499
0.0314267
0.031454
0.0315539
0.0315748
0.0317037
0.030876
0.0308789
0.0308845
0.0308946
0.0309062
0.0309224
0.030941
0.0309621
0.0309884
0.031014
0.0310478
0.0310787
0.0311182
0.0311563
0.0311994
0.0312468
0.0312891
0.0313519
0.0313877
0.0314681
0.0314957
0.0315943
0.0316133
0.0317344
0.0309048
0.0309076
0.0309129
0.0309228
0.0309341
0.0309498
0.030968
0.0309884
0.0310142
0.0310387
0.031072
0.0311016
0.0311408
0.031177
0.03122
0.0312654
0.0313075
0.0313702
0.0314014
0.0314842
0.0315094
0.0316067
0.0316246
0.0317367
0.0309442
0.030947
0.0309524
0.0309623
0.0309735
0.0309893
0.0310073
0.0310279
0.0310535
0.0310783
0.0311113
0.0311412
0.0311801
0.0312166
0.0312596
0.0313044
0.0313484
0.0314081
0.0314429
0.0315236
0.0315505
0.0316473
0.0316666
0.0317804
0.0309937
0.0309965
0.0310017
0.0310116
0.0310226
0.0310382
0.0310558
0.0310764
0.0311013
0.0311261
0.0311584
0.0311881
0.0312263
0.0312624
0.0313049
0.0313488
0.0313932
0.0314499
0.0314881
0.0315648
0.0315926
0.0316882
0.0317084
0.0318237
0.0310536
0.0310564
0.0310616
0.0310714
0.0310822
0.0310978
0.0311152
0.0311356
0.0311603
0.0311848
0.0312168
0.0312462
0.0312842
0.0313198
0.0313623
0.0314053
0.03145
0.031505
0.0315442
0.0316189
0.0316479
0.031742
0.0317625
0.0318758
0.0311237
0.0311265
0.0311316
0.0311413
0.031152
0.0311675
0.0311846
0.0312048
0.0312291
0.0312534
0.031285
0.031314
0.0313516
0.0313866
0.0314287
0.0314709
0.0315156
0.0315688
0.0316091
0.0316812
0.0317113
0.0318038
0.0318247
0.0319368
0.0312042
0.031207
0.031212
0.0312217
0.0312322
0.0312475
0.0312644
0.0312844
0.0313084
0.0313324
0.0313636
0.0313922
0.0314294
0.0314638
0.0315056
0.0315469
0.0315916
0.0316431
0.0316843
0.031754
0.031785
0.0318756
0.031897
0.0320073
0.031295
0.0312978
0.0313028
0.0313123
0.0313227
0.0313378
0.0313545
0.0313742
0.0313979
0.0314215
0.0314523
0.0314805
0.0315172
0.031551
0.0315925
0.0316328
0.0316774
0.0317273
0.0317692
0.0318364
0.0318689
0.0319562
0.0319785
0.0320871
0.0313963
0.031399
0.0314039
0.0314134
0.0314236
0.0314386
0.0314549
0.0314744
0.0314977
0.031521
0.0315514
0.0315791
0.0316153
0.0316484
0.0316895
0.0317289
0.0317733
0.0318216
0.031864
0.0319288
0.031962
0.0320472
0.0320697
0.0321763
0.031508
0.0315108
0.0315155
0.0315249
0.0315349
0.0315497
0.0315658
0.031585
0.0316079
0.0316309
0.0316607
0.0316879
0.0317237
0.0317561
0.0317966
0.0318351
0.0318791
0.0319261
0.0319688
0.0320312
0.0320648
0.0321479
0.0321706
0.032275
0.0316303
0.031633
0.0316377
0.031647
0.0316567
0.0316714
0.0316871
0.031706
0.0317286
0.0317511
0.0317805
0.0318071
0.0318423
0.031874
0.031914
0.0319515
0.0319951
0.0320406
0.0320836
0.0321436
0.032178
0.0322582
0.0322811
0.0323833
0.0317632
0.0317659
0.0317705
0.0317796
0.0317892
0.0318036
0.031819
0.0318376
0.0318597
0.0318818
0.0319106
0.0319367
0.0319713
0.0320023
0.0320417
0.0320781
0.0321213
0.0321653
0.0322084
0.032266
0.0323008
0.0323787
0.0324015
0.0325013
0.0319068
0.0319095
0.031914
0.031923
0.0319323
0.0319464
0.0319615
0.0319797
0.0320014
0.032023
0.0320513
0.0320767
0.0321108
0.0321409
0.0321798
0.0322151
0.0322577
0.0323002
0.0323433
0.0323985
0.0324339
0.0325089
0.0325318
0.0326291
0.0320612
0.0320639
0.0320682
0.0320771
0.0320861
0.0321
0.0321147
0.0321326
0.0321537
0.0321748
0.0322025
0.0322273
0.0322607
0.03229
0.0323282
0.0323624
0.0324045
0.0324455
0.0324883
0.0325411
0.0325768
0.0326491
0.0326724
0.0327669
0.0322265
0.0322291
0.0322334
0.0322421
0.0322509
0.0322645
0.0322787
0.0322962
0.0323168
0.0323373
0.0323644
0.0323885
0.0324211
0.0324496
0.032487
0.0325202
0.0325616
0.0326011
0.0326436
0.0326939
0.0327301
0.0327993
0.032823
0.0329145
0.0324028
0.0324053
0.0324095
0.032418
0.0324265
0.0324398
0.0324537
0.0324707
0.0324908
0.0325107
0.0325371
0.0325604
0.0325923
0.0326198
0.0326564
0.0326884
0.0327291
0.0327671
0.0328091
0.0328571
0.0328934
0.0329598
0.0329837
0.0330723
0.0325901
0.0325927
0.0325967
0.0326051
0.0326132
0.0326262
0.0326396
0.0326562
0.0326756
0.0326949
0.0327206
0.0327431
0.0327742
0.0328007
0.0328365
0.0328672
0.0329071
0.0329436
0.032985
0.0330306
0.0330672
0.0331305
0.0331547
0.0332402
0.0327887
0.0327912
0.032795
0.0328032
0.0328111
0.0328238
0.0328367
0.0328527
0.0328715
0.0328902
0.0329151
0.0329368
0.032967
0.0329924
0.0330273
0.0330568
0.0330958
0.0331306
0.0331714
0.0332147
0.0332513
0.0333115
0.033336
0.0334183
0.0329986
0.033001
0.0330047
0.0330127
0.0330202
0.0330325
0.0330449
0.0330604
0.0330786
0.0330965
0.0331206
0.0331414
0.0331707
0.0331951
0.033229
0.0332571
0.0332951
0.0333283
0.0333684
0.0334093
0.0334459
0.033503
0.0335278
0.0336068
0.0332199
0.0332223
0.0332258
0.0332336
0.0332407
0.0332526
0.0332645
0.0332794
0.0332969
0.0333141
0.0333374
0.0333572
0.0333855
0.0334088
0.0334416
0.0334684
0.0335054
0.0335368
0.033576
0.0336146
0.0336511
0.033705
0.03373
0.0338056
0.0334527
0.033455
0.0334584
0.0334659
0.0334727
0.0334841
0.0334954
0.0335098
0.0335265
0.0335429
0.0335653
0.0335842
0.0336116
0.0336336
0.0336654
0.0336907
0.0337266
0.0337563
0.0337945
0.0338308
0.0338671
0.0339176
0.0339427
0.0340148
0.0336971
0.0336994
0.0337025
0.0337098
0.0337162
0.0337272
0.0337379
0.0337516
0.0337676
0.0337832
0.0338047
0.0338226
0.0338489
0.0338697
0.0339004
0.0339242
0.033959
0.0339869
0.0340241
0.034058
0.0340939
0.0341411
0.0341662
0.0342345
0.0339531
0.0339554
0.0339584
0.0339654
0.0339713
0.0339819
0.033992
0.0340051
0.0340202
0.034035
0.0340555
0.0340724
0.0340976
0.0341172
0.0341467
0.034169
0.0342026
0.0342286
0.0342647
0.0342963
0.0343318
0.0343755
0.0344005
0.034465
0.034221
0.0342232
0.034226
0.0342327
0.0342383
0.0342484
0.0342578
0.0342702
0.0342846
0.0342984
0.034318
0.0343337
0.0343578
0.0343761
0.0344044
0.0344252
0.0344575
0.0344817
0.0345166
0.0345459
0.0345806
0.0346212
0.0346459
0.0347066
0.0345007
0.0345029
0.0345054
0.0345119
0.034517
0.0345267
0.0345355
0.0345472
0.0345607
0.0345736
0.0345921
0.0346068
0.0346297
0.0346467
0.0346737
0.0346929
0.0347239
0.0347462
0.03478
0.0348068
0.0348408
0.0348778
0.0349025
0.0349595
0.0347923
0.0347944
0.0347968
0.034803
0.0348077
0.0348169
0.034825
0.034836
0.0348487
0.0348607
0.0348782
0.0348917
0.0349134
0.034929
0.0349547
0.0349722
0.0350019
0.0350223
0.0350548
0.0350792
0.0351122
0.0351459
0.0351704
0.0352235
0.035096
0.0350981
0.0351002
0.0351062
0.0351104
0.0351191
0.0351266
0.0351369
0.0351487
0.0351598
0.0351762
0.0351885
0.035209
0.0352231
0.0352475
0.0352634
0.0352917
0.0353101
0.0353412
0.0353633
0.0353953
0.0354253
0.0354502
0.0354983
0.0354117
0.0354138
0.0354157
0.0354214
0.0354252
0.0354334
0.0354402
0.0354498
0.0354607
0.0354709
0.0354862
0.0354974
0.0355166
0.0355293
0.0355523
0.0355665
0.0355933
0.0356097
0.0356394
0.0356591
0.03569
0.0357165
0.0357414
0.0357848
0.0357397
0.0357417
0.0357434
0.0357489
0.0357522
0.0357599
0.035766
0.0357749
0.035785
0.0357942
0.0358085
0.0358184
0.0358364
0.0358477
0.0358693
0.0358817
0.035907
0.0359214
0.0359496
0.0359668
0.0359965
0.0360196
0.0360439
0.0360837
0.03608
0.036082
0.0360835
0.0360886
0.0360915
0.0360987
0.0361041
0.0361123
0.0361215
0.0361297
0.0361429
0.0361517
0.0361684
0.0361783
0.0361985
0.0362091
0.036233
0.0362452
0.0362719
0.0362866
0.0363149
0.0363349
0.0363589
0.036394
0.0364327
0.0364346
0.0364359
0.0364408
0.0364431
0.0364499
0.0364546
0.0364621
0.0364703
0.0364776
0.0364898
0.0364973
0.0365128
0.0365212
0.03654
0.0365489
0.0365713
0.0365814
0.0366065
0.0366186
0.0366456
0.0366623
0.0366861
0.0367164
0.0367979
0.0367997
0.0368008
0.0368054
0.0368073
0.0368136
0.0368176
0.0368243
0.0368317
0.036838
0.0368491
0.0368554
0.0368697
0.0368766
0.0368941
0.0369011
0.0369221
0.03693
0.0369536
0.0369631
0.0369886
0.0370021
0.0370255
0.0370511
0.0371756
0.0371774
0.0371782
0.0371826
0.037184
0.0371898
0.0371931
0.0371992
0.0372056
0.037211
0.037221
0.0372261
0.0372391
0.0372446
0.0372606
0.0372659
0.0372854
0.0372913
0.0373134
0.0373203
0.0373444
0.0373544
0.0373772
0.0373982
0.0375659
0.0375677
0.0375683
0.0375724
0.0375734
0.0375787
0.0375814
0.0375867
0.0375923
0.0375967
0.0376056
0.0376095
0.0376213
0.0376252
0.0376399
0.0376434
0.0376614
0.0376652
0.0376859
0.0376901
0.0377128
0.0377197
0.0377415
0.0377577
0.037969
0.0379707
0.0379711
0.037975
0.0379756
0.0379805
0.0379824
0.0379871
0.0379918
0.0379953
0.038003
0.0380058
0.0380162
0.0380187
0.038032
0.0380337
0.0380502
0.0380518
0.0380711
0.0380728
0.0380941
0.0380978
0.0381185
0.0381298
0.038385
0.0383866
0.0383869
0.0383905
0.0383906
0.038395
0.0383963
0.0384004
0.0384042
0.0384067
0.0384134
0.038415
0.0384242
0.0384251
0.038437
0.0384368
0.038452
0.0384513
0.0384691
0.0384682
0.0384882
0.0384889
0.0385084
0.038515
0.0388139
0.0388155
0.0388156
0.0388189
0.0388186
0.0388226
0.0388233
0.0388266
0.0388296
0.0388312
0.0388369
0.0388372
0.0388452
0.0388447
0.0388552
0.0388531
0.0388668
0.0388638
0.0388802
0.0388766
0.0388953
0.0388927
0.0389114
0.0389132
0.0392559
0.0392575
0.0392574
0.0392605
0.0392598
0.0392633
0.0392633
0.039266
0.0392681
0.0392688
0.0392734
0.0392726
0.0392794
0.0392774
0.0392865
0.0392826
0.0392948
0.0392896
0.0393045
0.0392981
0.0393154
0.0393097
0.0393273
0.0393249
0.0397112
0.0397128
0.0397124
0.0397153
0.0397141
0.0397173
0.0397166
0.0397186
0.0397198
0.0397197
0.0397232
0.0397213
0.0397268
0.0397233
0.0397311
0.0397254
0.0397362
0.0397286
0.0397421
0.039733
0.0397488
0.0397397
0.039756
0.03975
0.0401799
0.0401814
0.0401808
0.0401835
0.0401819
0.0401845
0.0401832
0.0401846
0.0401849
0.0401839
0.0401864
0.0401832
0.0401876
0.0401826
0.0401891
0.0401816
0.0401909
0.0401811
0.0401933
0.0401813
0.0401957
0.0401832
0.0401984
0.040188
0.040662
0.0406635
0.0406627
0.0406651
0.0406631
0.0406653
0.0406633
0.040664
0.0406635
0.0406615
0.0406629
0.0406586
0.0406617
0.0406553
0.0406605
0.0406512
0.0406592
0.0406471
0.040658
0.040643
0.0406564
0.0406401
0.0406545
0.0406394
0.0411577
0.0411591
0.0411581
0.0411604
0.0411578
0.0411596
0.0411569
0.041157
0.0411556
0.0411527
0.0411531
0.0411476
0.0411494
0.0411416
0.0411454
0.0411343
0.041141
0.0411266
0.0411362
0.0411184
0.0411307
0.0411109
0.0411245
0.0411046
0.0416671
0.0416685
0.0416673
0.0416693
0.0416663
0.0416676
0.0416643
0.0416636
0.0416613
0.0416575
0.0416568
0.0416501
0.0416508
0.0416414
0.0416439
0.041631
0.0416363
0.0416197
0.041628
0.0416073
0.0416187
0.0415952
0.0416082
0.0415839
0.0421902
0.0421916
0.0421902
0.0421919
0.0421885
0.0421894
0.0421853
0.042184
0.0421808
0.042176
0.0421743
0.0421664
0.0421658
0.042155
0.0421562
0.0421413
0.0421453
0.0421264
0.0421335
0.0421099
0.0421204
0.0420932
0.0421058
0.0420766
0.0427271
0.0427285
0.0427269
0.0427284
0.0427245
0.0427249
0.0427202
0.0427182
0.0427141
0.0427084
0.0427056
0.0426965
0.0426947
0.0426824
0.0426822
0.0426655
0.0426681
0.0426468
0.0426528
0.0426261
0.042636
0.0426046
0.0426175
0.0425829
0.0432779
0.0432793
0.0432774
0.0432787
0.0432743
0.0432743
0.0432688
0.0432662
0.0432612
0.0432546
0.0432507
0.0432404
0.0432374
0.0432235
0.0432221
0.0432034
0.0432048
0.0431811
0.043186
0.0431561
0.0431652
0.0431294
0.0431434
0.0431034
0.0438425
0.0438439
0.0438418
0.0438428
0.043838
0.0438376
0.0438314
0.0438281
0.0438222
0.0438146
0.0438096
0.0437982
0.0437939
0.0437785
0.0437759
0.0437552
0.0437554
0.0437292
0.0437331
0.0437
0.0437087
0.0436684
0.0436827
0.0436377
0.044421
0.0444223
0.04442
0.0444208
0.0444155
0.0444146
0.0444078
0.0444038
0.044397
0.0443885
0.0443825
0.0443698
0.0443644
0.0443474
0.0443436
0.0443208
0.04432
0.0442912
0.0442943
0.0442577
0.0442665
0.0442217
0.0442356
0.0441861
0.0450132
0.0450144
0.045012
0.0450126
0.0450068
0.0450055
0.0449979
0.0449933
0.0449857
0.0449762
0.0449692
0.0449553
0.0449488
0.0449302
0.0449253
0.0449004
0.0448987
0.0448671
0.0448696
0.0448287
0.0448392
0.0447886
0.0448028
0.0447487
0.0456191
0.0456203
0.0456176
0.045618
0.0456118
0.0456101
0.0456019
0.0455966
0.0455881
0.0455777
0.0455698
0.0455545
0.0455471
0.0455267
0.045521
0.0454938
0.0454915
0.0454567
0.0454593
0.0454143
0.0454246
0.0453705
0.045384
0.0453256
0.0462385
0.0462397
0.0462369
0.046237
0.0462303
0.0462283
0.0462194
0.0462135
0.0462042
0.0461929
0.0461841
0.0461675
0.0461592
0.0461371
0.0461306
0.0461009
0.0460984
0.0460595
0.0460639
0.0460144
0.0460238
0.0459663
0.0459793
0.0459167
0.0468713
0.0468725
0.0468695
0.0468695
0.0468624
0.0468599
0.0468504
0.0468439
0.0468339
0.0468216
0.0468121
0.0467941
0.0467852
0.046761
0.0467543
0.0467218
0.0467196
0.0466772
0.046681
0.0466285
0.0466372
0.0465766
0.0465887
0.0465221
0.0475174
0.0475186
0.0475154
0.0475152
0.0475076
0.0475049
0.0474948
0.0474877
0.047477
0.0474638
0.0474537
0.0474341
0.047425
0.0473984
0.047392
0.0473565
0.0473544
0.0473091
0.0473117
0.0472571
0.0472645
0.0472009
0.0472124
0.0471419
0.0481765
0.0481777
0.0481743
0.048174
0.048166
0.0481631
0.0481523
0.0481447
0.0481335
0.0481191
0.0481089
0.0480873
0.0480787
0.0480489
0.0480437
0.0480047
0.0480024
0.0479548
0.0479568
0.0478995
0.047906
0.0478396
0.0478502
0.0477759
0.0488484
0.0488497
0.048846
0.0488457
0.0488373
0.0488342
0.0488229
0.0488146
0.0488032
0.0487873
0.0487776
0.0487534
0.0487455
0.0487136
0.0487075
0.0486673
0.0486639
0.048615
0.048615
0.0485562
0.0485613
0.0484922
0.0485021
0.0484242
0.0495329
0.0495344
0.0495302
0.0495302
0.0495212
0.0495181
0.0495061
0.0494971
0.0494861
0.0494685
0.0494588
0.0494336
0.0494247
0.0493922
0.0493845
0.0493436
0.0493386
0.0492882
0.0492875
0.0492264
0.0492305
0.049159
0.049168
0.0490867
0.0502298
0.0502313
0.050227
0.0502271
0.0502174
0.0502145
0.0502019
0.0501928
0.0501809
0.0501631
0.0501525
0.0501268
0.0501169
0.0500835
0.050075
0.0500328
0.0500268
0.0499754
0.049973
0.0499104
0.0499135
0.0498395
0.0498478
0.0497633
0.0509389
0.0509404
0.0509361
0.050936
0.0509263
0.050923
0.0509097
0.0509013
0.050888
0.0508702
0.0508589
0.0508326
0.0508219
0.0507879
0.0507784
0.0507354
0.0507281
0.0506755
0.0506722
0.050608
0.0506098
0.0505339
0.0505414
0.0504538
0.05166
0.0516616
0.0516573
0.051657
0.0516472
0.0516438
0.05163
0.0516219
0.051607
0.0515903
0.0515774
0.0515509
0.0515395
0.0515049
0.0514946
0.0514506
0.0514425
0.0513888
0.0513843
0.0513188
0.0513197
0.0512416
0.0512485
0.051158
0.052393
0.0523946
0.0523903
0.0523899
0.05238
0.0523765
0.0523625
0.0523542
0.0523385
0.0523223
0.0523077
0.0522821
0.0522694
0.0522344
0.0522232
0.0521786
0.0521695
0.0521149
0.0521094
0.0520426
0.0520424
0.0519627
0.0519687
0.0518756
0.0531377
0.0531393
0.053135
0.0531346
0.0531246
0.053121
0.0531067
0.0530985
0.0530821
0.0530662
0.0530504
0.0530254
0.0530113
0.0529759
0.0529643
0.0529189
0.052909
0.0528535
0.052847
0.0527792
0.0527781
0.0526965
0.052702
0.0526065
0.0538941
0.0538957
0.0538914
0.053891
0.0538808
0.0538773
0.0538627
0.0538545
0.0538375
0.0538219
0.0538051
0.0537804
0.053765
0.0537301
0.0537172
0.0536713
0.0536606
0.0536043
0.0535969
0.053528
0.053526
0.0534432
0.0534477
0.0533501
0.0546621
0.0546639
0.0546594
0.0546591
0.0546488
0.0546452
0.0546304
0.0546221
0.0546048
0.0545893
0.0545716
0.0545471
0.0545305
0.0544958
0.0544818
0.0544354
0.054424
0.0543669
0.0543586
0.0542889
0.0542859
0.0542017
0.0542057
0.0541061
0.0554419
0.0554437
0.0554392
0.0554389
0.0554284
0.0554248
0.0554097
0.0554013
0.0553835
0.0553681
0.0553495
0.0553251
0.0553077
0.0552726
0.0552578
0.0552112
0.0551989
0.0551409
0.055132
0.0550612
0.0550574
0.0549722
0.0549754
0.054874
0.0562333
0.0562352
0.0562306
0.0562304
0.0562196
0.056216
0.0562005
0.056192
0.0561736
0.0561582
0.0561387
0.0561144
0.0560958
0.0560607
0.0560449
0.0559979
0.0559849
0.0559262
0.0559163
0.0558449
0.0558401
0.0557538
0.0557564
0.0556536
0.0570364
0.0570384
0.0570336
0.0570334
0.0570222
0.0570185
0.0570026
0.0569939
0.0569749
0.0569593
0.0569387
0.0569145
0.0568949
0.0568594
0.0568428
0.0567953
0.0567815
0.0567219
0.0567117
0.0566391
0.0566337
0.0565466
0.0565484
0.0564443
0.0578509
0.0578529
0.0578479
0.0578477
0.0578361
0.0578322
0.0578157
0.0578066
0.057787
0.0577711
0.0577493
0.0577253
0.0577041
0.0576688
0.0576507
0.0576031
0.0575886
0.0575283
0.057517
0.0574439
0.0574377
0.0573498
0.057351
0.0572459
0.0586762
0.0586783
0.0586731
0.0586726
0.0586607
0.0586563
0.0586393
0.0586297
0.0586093
0.0585929
0.05857
0.0585461
0.0585233
0.0584884
0.0584684
0.0584211
0.0584055
0.0583444
0.0583328
0.0582589
0.0582519
0.0581636
0.0581641
0.0580581
0.0595114
0.0595135
0.0595081
0.0595073
0.0594951
0.0594902
0.0594726
0.0594624
0.0594414
0.0594244
0.0594005
0.0593766
0.0593519
0.0593177
0.059296
0.0592486
0.0592317
0.0591707
0.0591582
0.059084
0.0590762
0.0589876
0.0589875
0.0588809
0.0603547
0.0603568
0.0603513
0.0603503
0.0603378
0.0603326
0.0603146
0.0603039
0.0602823
0.0602647
0.0602401
0.0602161
0.0601897
0.0601563
0.0601325
0.0600861
0.0600665
0.0600071
0.0599937
0.0599191
0.0599106
0.0598219
0.0598211
0.0597142
0.0612042
0.0612063
0.0612009
0.0611998
0.0611872
0.0611819
0.0611637
0.0611528
0.0611309
0.0611132
0.061088
0.061064
0.0610365
0.0610039
0.0609779
0.0609333
0.0609118
0.060853
0.0608384
0.0607641
0.0607549
0.0606665
0.0606653
0.0605583
0.0620576
0.0620597
0.0620545
0.0620536
0.0620413
0.0620362
0.0620184
0.0620078
0.0619861
0.0619686
0.0619436
0.0619198
0.0618919
0.0618602
0.0618328
0.0617897
0.0617664
0.0617088
0.0616924
0.0616199
0.0616099
0.0615217
0.0615202
0.0614134
0.062913
0.0629153
0.0629104
0.0629101
0.0628983
0.062894
0.062877
0.0628672
0.0628465
0.0628299
0.0628057
0.0627829
0.0627553
0.0627249
0.0626969
0.0626557
0.0626306
0.0625756
0.0625565
0.0624865
0.0624755
0.0623876
0.0623862
0.0622798
0.0637695
0.063772
0.0637677
0.0637681
0.0637573
0.0637543
0.0637385
0.0637303
0.0637111
0.0636962
0.0636735
0.0636525
0.0636263
0.0635976
0.0635702
0.0635311
0.0635056
0.0634525
0.0634331
0.0633629
0.0633525
0.0632648
0.0632635
0.0631574
0.064628
0.0646309
0.0646272
0.0646286
0.0646189
0.0646173
0.0646031
0.0645968
0.0645796
0.0645669
0.0645464
0.0645279
0.0645036
0.0644776
0.0644518
0.0644154
0.0643903
0.0643407
0.0643206
0.0642522
0.0642414
0.0641538
0.0641526
0.0640465
0.0654919
0.065495
0.0654919
0.0654942
0.0654856
0.0654855
0.0654728
0.0654685
0.0654533
0.065443
0.0654248
0.065409
0.0653873
0.065364
0.0653409
0.0653075
0.0652847
0.0652377
0.0652191
0.0651532
0.0651434
0.0650557
0.0650547
0.0649476
0.0663665
0.0663703
0.0663671
0.0663706
0.0663622
0.0663636
0.0663516
0.0663492
0.0663351
0.066327
0.0663105
0.0662973
0.0662776
0.0662572
0.0662373
0.0662056
0.0661875
0.0661415
0.066128
0.0660626
0.0660571
0.0659706
0.0659707
0.065863
0.06726
0.0672644
0.0672604
0.0672653
0.0672556
0.0672589
0.0672453
0.0672453
0.0672296
0.067224
0.0672072
0.0671959
0.0671772
0.0671581
0.0671424
0.0671082
0.0670995
0.067048
0.0670451
0.0669774
0.0669789
0.0668946
0.0668984
0.0667963
0.0681814
0.0681853
0.0681822
0.0681851
0.0681765
0.068177
0.0681647
0.0681615
0.0681471
0.0681386
0.0681223
0.0681098
0.0680904
0.0680732
0.0680548
0.0680237
0.0680144
0.0679651
0.0679636
0.0678977
0.0679027
0.0678204
0.067829
0.0677346
0.0691391
0.0691427
0.069139
0.0691409
0.0691308
0.0691297
0.0691151
0.0691096
0.0690927
0.0690815
0.0690624
0.0690471
0.069025
0.069006
0.0689828
0.0689549
0.068938
0.068892
0.0688894
0.0688225
0.0688296
0.0687455
0.0687575
0.0686634
0.0701396
0.070143
0.0701383
0.0701389
0.0701267
0.0701233
0.0701056
0.0700969
0.0700758
0.0700604
0.0700367
0.0700166
0.0699893
0.0699655
0.0699364
0.0699052
0.0698816
0.0698353
0.069826
0.0697566
0.0697636
0.0696746
0.0696889
0.0695907
0.0711862
0.0711898
0.0711836
0.0711833
0.0711686
0.0711628
0.0711415
0.0711292
0.0711032
0.0710832
0.0710531
0.0710272
0.0709927
0.070962
0.0709247
0.0708865
0.0708546
0.070801
0.070785
0.0707069
0.0707117
0.0706139
0.0706289
0.0705222
0.0722789
0.0722831
0.072275
0.0722744
0.072257
0.0722496
0.0722243
0.0722096
0.0721775
0.0721548
0.0721163
0.0720867
0.0720422
0.072005
0.0719582
0.0719102
0.0718699
0.0718011
0.0717786
0.0716866
0.0716836
0.0715726
0.0715851
0.0714647
0.0734145
0.0734181
0.0734107
0.0734077
0.0733902
0.0733798
0.0733536
0.0733342
0.0733012
0.0732714
0.0732317
0.0731931
0.0731453
0.0730992
0.0730436
0.0729897
0.0729317
0.0728582
0.0728176
0.0727132
0.0726957
0.0725659
0.0725702
0.0724278
0.0745864
0.0745897
0.0745823
0.0745788
0.0745604
0.074549
0.0745214
0.0745005
0.0744653
0.0744332
0.0743904
0.0743485
0.0742965
0.0742455
0.0741843
0.0741234
0.0740542
0.0739801
0.073912
0.0738093
0.0737653
0.0736182
0.0736059
0.0734302
0.0757865
0.0757897
0.0757824
0.0757788
0.0757602
0.0757486
0.0757205
0.0756992
0.0756632
0.0756303
0.0755865
0.0755431
0.0754896
0.0754365
0.0753728
0.0753088
0.0752356
0.0751573
0.0750786
0.0749782
0.0749045
0.0747603
0.074721
0.0745076
0.0770062
0.0770093
0.0770023
0.076999
0.0769806
0.0769695
0.0769416
0.0769208
0.0768852
0.0768527
0.0768094
0.0767665
0.0767134
0.0766607
0.0765974
0.0765338
0.0764608
0.076383
0.0763037
0.0762044
0.0761249
0.075989
0.0759322
0.075707
0.0782366
0.0782402
0.0782334
0.0782307
0.0782128
0.0782026
0.0781755
0.0781558
0.0781213
0.0780903
0.0780484
0.0780072
0.077956
0.0779054
0.0778443
0.0777833
0.0777128
0.0776379
0.0775638
0.0774656
0.0773983
0.0772606
0.0772204
0.0770224
0.0794701
0.0794739
0.0794675
0.0794656
0.0794484
0.0794394
0.0794134
0.0793954
0.0793624
0.0793334
0.0792935
0.0792549
0.0792062
0.0791586
0.0791006
0.0790433
0.0789767
0.0789066
0.0788369
0.0787444
0.0786827
0.0785529
0.0785156
0.078332
0.0806994
0.0807036
0.0806975
0.0806965
0.0806801
0.0806725
0.0806478
0.0806316
0.0806005
0.0805739
0.0805364
0.0805007
0.0804549
0.0804109
0.0803565
0.0803034
0.0802409
0.0801761
0.0801109
0.0800253
0.0799681
0.0798479
0.079813
0.0796432
0.0819183
0.0819232
0.0819173
0.0819173
0.0819016
0.0818957
0.0818722
0.0818583
0.0818288
0.0818051
0.0817697
0.0817377
0.0816944
0.0816548
0.0816037
0.0815552
0.0814972
0.081438
0.0813774
0.0812982
0.0812462
0.0811355
0.081103
0.0809469
0.0831222
0.0831276
0.0831214
0.0831232
0.0831076
0.083104
0.083081
0.0830701
0.0830416
0.0830218
0.0829875
0.0829604
0.0829186
0.0828846
0.0828356
0.0827931
0.0827386
0.0826853
0.082629
0.0825575
0.0825091
0.0824082
0.0823781
0.0822356
0.0843067
0.0843122
0.0843063
0.0843093
0.0842941
0.0842926
0.0842703
0.0842625
0.0842346
0.084219
0.0841855
0.0841637
0.0841226
0.0840953
0.0840471
0.0840123
0.0839595
0.0839129
0.0838616
0.0837962
0.0837516
0.0836609
0.0836331
0.0835039
0.0854681
0.0854736
0.0854687
0.0854715
0.0854585
0.0854568
0.0854378
0.0854299
0.0854063
0.0853908
0.0853623
0.0853413
0.0853056
0.0852801
0.0852372
0.0852058
0.0851578
0.0851172
0.0850689
0.0850105
0.0849704
0.0848893
0.0848634
0.0847472
0.0866039
0.0866092
0.0866049
0.0866082
0.0865965
0.0865956
0.0865785
0.0865718
0.0865511
0.0865368
0.0865124
0.0864926
0.086462
0.0864379
0.0864008
0.0863717
0.0863293
0.0862933
0.0862481
0.086199
0.0861619
0.0860898
0.0860657
0.0859621
0.0877112
0.0877166
0.0877128
0.0877166
0.0877059
0.0877062
0.0876906
0.0876854
0.087667
0.0876546
0.0876331
0.0876155
0.0875888
0.0875673
0.0875346
0.0875088
0.087471
0.0874396
0.0873985
0.0873574
0.087322
0.0872591
0.0872371
0.0871458
0.0887883
0.0887939
0.0887906
0.0887949
0.0887851
0.0887865
0.0887723
0.0887687
0.0887522
0.0887418
0.088723
0.0887077
0.0886843
0.0886657
0.0886369
0.0886145
0.0885812
0.0885542
0.0885176
0.0884829
0.0884485
0.0883961
0.0883759
0.0882961
0.0898343
0.0898397
0.0898367
0.0898415
0.0898327
0.089835
0.0898222
0.08982
0.0898055
0.0897969
0.0897806
0.0897676
0.0897474
0.0897314
0.0897063
0.0896873
0.089658
0.0896352
0.0896026
0.0895736
0.0895423
0.0894979
0.0894806
0.0894113
0.0908474
0.0908528
0.0908502
0.0908555
0.0908474
0.0908507
0.0908391
0.0908384
0.0908255
0.0908188
0.0908048
0.0907941
0.0907766
0.0907634
0.0907416
0.0907258
0.0907004
0.0906814
0.0906531
0.0906291
0.0906008
0.0905649
0.0905488
0.09049
0.0918272
0.0918325
0.0918302
0.091836
0.0918285
0.0918328
0.0918223
0.0918228
0.0918116
0.0918066
0.0917948
0.0917861
0.0917714
0.0917607
0.0917421
0.0917293
0.0917075
0.0916922
0.0916675
0.091648
0.0916234
0.0915956
0.0915799
0.0915311
0.0927729
0.0927783
0.0927762
0.0927822
0.0927758
0.0927803
0.0927714
0.0927729
0.0927633
0.0927599
0.09275
0.0927434
0.0927311
0.0927228
0.0927071
0.0926972
0.0926787
0.0926668
0.092646
0.0926307
0.0926095
0.0925879
0.0925744
0.0925338
0.0936847
0.0936898
0.0936877
0.0936951
0.0936873
0.0936951
0.0936847
0.0936892
0.0936799
0.0936785
0.0936702
0.0936656
0.0936555
0.0936495
0.0936365
0.0936292
0.093614
0.0936053
0.0935876
0.0935764
0.0935589
0.0935424
0.0935304
0.0934985
0.0945616
0.0945668
0.0945659
0.0945709
0.0945682
0.0945711
0.0945671
0.0945682
0.0945631
0.0945615
0.0945558
0.0945525
0.0945446
0.0945407
0.0945301
0.0945255
0.0945129
0.0945072
0.094493
0.0944854
0.0944707
0.0944593
0.0944488
0.0944249
0.0954051
0.0954101
0.095408
0.0954167
0.0954088
0.0954194
0.095409
0.0954173
0.0954089
0.0954114
0.0954056
0.0954047
0.0953985
0.0953965
0.0953884
0.0953859
0.0953761
0.0953732
0.0953615
0.0953573
0.0953456
0.0953383
0.0953303
0.0953133
0.0962139
0.0962188
0.0962188
0.0962232
0.0962228
0.0962253
0.0962247
0.0962257
0.0962246
0.0962243
0.0962222
0.0962216
0.0962177
0.0962174
0.0962112
0.096211
0.0962036
0.0962031
0.0961944
0.0961933
0.096184
0.0961807
0.0961749
0.0961642
0.0969901
0.0969946
0.0969935
0.0970013
0.0969962
0.0970057
0.0969985
0.0970073
0.0970014
0.0970062
0.097003
0.097005
0.0970021
0.0970037
0.0969996
0.0970012
0.0969961
0.0969981
0.0969914
0.0969933
0.0969867
0.0969871
0.0969835
0.0969781
0.0977325
0.0977371
0.0977373
0.0977425
0.0977418
0.0977465
0.0977462
0.0977493
0.0977498
0.0977515
0.097752
0.097754
0.0977532
0.097756
0.0977536
0.0977571
0.0977539
0.0977579
0.0977539
0.0977584
0.0977537
0.0977578
0.0977561
0.0977555
0.0984435
0.0984474
0.0984477
0.0984534
0.0984524
0.0984586
0.0984568
0.0984632
0.0984617
0.0984668
0.0984666
0.0984707
0.0984707
0.098475
0.0984742
0.0984793
0.098478
0.0984842
0.0984816
0.0984887
0.0984862
0.0984933
0.0984931
0.0984971
0.0991221
0.0991264
0.0991266
0.0991326
0.0991314
0.0991384
0.0991373
0.0991433
0.0991439
0.0991484
0.0991501
0.0991546
0.0991561
0.0991616
0.0991621
0.0991687
0.099169
0.0991766
0.0991764
0.0991855
0.0991844
0.0991944
0.0991956
0.0992036
0.0997709
0.0997742
0.0997756
0.0997798
0.0997815
0.0997857
0.0997879
0.0997921
0.0997949
0.0997992
0.0998022
0.0998073
0.0998099
0.0998165
0.0998184
0.0998262
0.0998278
0.0998374
0.0998381
0.0998493
0.0998499
0.0998624
0.0998645
0.0998762
0.100389
0.100393
0.100394
0.100399
0.100399
0.100406
0.100406
0.100413
0.100414
0.100421
0.100423
0.10043
0.100433
0.100441
0.100444
0.100453
0.100456
0.100466
0.100469
0.100482
0.100483
0.100498
0.100501
0.100516
0.100979
0.100982
0.100984
0.100988
0.10099
0.100995
0.100997
0.101002
0.101007
0.101011
0.101016
0.101023
0.101027
0.101035
0.101039
0.101049
0.101053
0.101065
0.101069
0.101083
0.101086
0.101103
0.101106
0.101124
0.10154
0.101544
0.101546
0.101549
0.101552
0.101556
0.10156
0.101565
0.101569
0.101576
0.10158
0.101588
0.101592
0.101602
0.101606
0.101617
0.101622
0.101635
0.101639
0.101656
0.101659
0.101678
0.101681
0.101702
0.102076
0.102078
0.10208
0.102085
0.102086
0.102092
0.102094
0.102101
0.102105
0.102112
0.102117
0.102125
0.10213
0.10214
0.102145
0.102157
0.102163
0.102177
0.102182
0.102199
0.102204
0.102224
0.102229
0.102251
0.102584
0.102587
0.102589
0.102592
0.102596
0.1026
0.102605
0.10261
0.102615
0.102621
0.102627
0.102636
0.102642
0.102652
0.102658
0.102671
0.102677
0.102692
0.102698
0.102716
0.102721
0.102743
0.102748
0.102772
0.103069
0.103071
0.103073
0.103077
0.10308
0.103084
0.103088
0.103095
0.103099
0.103107
0.103112
0.103122
0.103128
0.103139
0.103145
0.103158
0.103165
0.103181
0.103188
0.103206
0.103212
0.103235
0.10324
0.103267
0.103529
0.103531
0.103533
0.103537
0.103539
0.103545
0.103549
0.103555
0.10356
0.103567
0.103574
0.103583
0.10359
0.103601
0.103608
0.103622
0.103629
0.103645
0.103652
0.103673
0.103679
0.103702
0.103708
0.103736
0.103966
0.103968
0.103971
0.103973
0.103978
0.103981
0.103987
0.103992
0.103998
0.104005
0.104012
0.104021
0.104028
0.10404
0.104047
0.104062
0.104069
0.104086
0.104094
0.104114
0.104121
0.104146
0.104151
0.104181
0.104382
0.104384
0.104385
0.104389
0.104392
0.104398
0.104401
0.104408
0.104413
0.104421
0.104428
0.104438
0.104445
0.104457
0.104465
0.104479
0.104487
0.104504
0.104512
0.104534
0.104541
0.104566
0.104572
0.104602
0.104776
0.104778
0.10478
0.104783
0.104786
0.104791
0.104796
0.104802
0.104808
0.104816
0.104823
0.104832
0.10484
0.104852
0.10486
0.104875
0.104884
0.104901
0.10491
0.104931
0.104939
0.104964
0.10497
0.105002
0.10515
0.105152
0.105154
0.105157
0.105161
0.105165
0.10517
0.105176
0.105182
0.105191
0.105197
0.105207
0.105215
0.105227
0.105236
0.105251
0.105259
0.105277
0.105286
0.105308
0.105316
0.105342
0.105348
0.105381
0.105506
0.105508
0.105509
0.105513
0.105515
0.105521
0.105524
0.105532
0.105537
0.105546
0.105552
0.105563
0.105571
0.105583
0.105591
0.105607
0.105616
0.105634
0.105643
0.105665
0.105672
0.105699
0.105705
0.105739
0.105843
0.105844
0.105846
0.105849
0.105853
0.105857
0.105862
0.105868
0.105874
0.105882
0.10589
0.1059
0.105908
0.10592
0.105929
0.105944
0.105953
0.105972
0.10598
0.106003
0.106011
0.106038
0.106044
0.106077
0.106163
0.106164
0.106166
0.106169
0.106172
0.106177
0.106181
0.106188
0.106193
0.106202
0.106209
0.10622
0.106227
0.10624
0.106249
0.106264
0.106273
0.106291
0.1063
0.106323
0.10633
0.106358
0.106364
0.106398
0.106466
0.106467
0.106468
0.106473
0.106474
0.106481
0.106483
0.106492
0.106496
0.106505
0.106512
0.106522
0.10653
0.106543
0.106552
0.106567
0.106576
0.106595
0.106603
0.106626
0.106634
0.106661
0.106667
0.106701
0.106753
0.106754
0.106757
0.106758
0.106764
0.106766
0.106773
0.106777
0.106785
0.106792
0.106799
0.106809
0.106818
0.10683
0.106839
0.106855
0.106863
0.106882
0.106891
0.106914
0.106921
0.106949
0.106954
0.106988
0.107026
0.107028
0.107028
0.107033
0.107033
0.107041
0.107042
0.107052
0.107055
0.107066
0.107071
0.107082
0.10709
0.107103
0.107111
0.107127
0.107135
0.107154
0.107163
0.107185
0.107193
0.10722
0.107226
0.10726
0.107284
0.107285
0.107288
0.107289
0.107295
0.107296
0.107304
0.107307
0.107316
0.107322
0.10733
0.107339
0.107348
0.10736
0.107369
0.107384
0.107393
0.107412
0.10742
0.107443
0.10745
0.107478
0.107483
0.107518
0.107529
0.107531
0.107531
0.107536
0.107536
0.107544
0.107545
0.107555
0.107557
0.107568
0.107573
0.107584
0.107592
0.107605
0.107613
0.107629
0.107637
0.107656
0.107664
0.107687
0.107694
0.107722
0.107727
0.107761
0.107762
0.107762
0.107765
0.107765
0.107771
0.107773
0.10778
0.107784
0.107791
0.107798
0.107806
0.107816
0.107823
0.107836
0.107844
0.10786
0.107868
0.107887
0.107895
0.107918
0.107925
0.107953
0.107958
0.107992
0.107981
0.107983
0.107983
0.107988
0.107988
0.107996
0.107997
0.108006
0.108009
0.108019
0.108024
0.108035
0.108042
0.108055
0.108063
0.108079
0.108087
0.108106
0.108114
0.108137
0.108144
0.108171
0.108176
0.10821
0.10819
0.10819
0.108193
0.108193
0.108199
0.1082
0.108208
0.108211
0.108219
0.108226
0.108233
0.108243
0.10825
0.108263
0.108271
0.108286
0.108294
0.108313
0.108321
0.108343
0.108351
0.108377
0.108382
0.108416
0.108387
0.108388
0.108389
0.108393
0.108394
0.1084
0.108402
0.10841
0.108414
0.108423
0.108429
0.10844
0.108447
0.108459
0.108467
0.108482
0.10849
0.108509
0.108517
0.108539
0.108545
0.108574
0.108578
0.108611
0.108574
0.108575
0.108577
0.108578
0.108582
0.108585
0.10859
0.108596
0.108602
0.108609
0.108616
0.108626
0.108633
0.108646
0.108653
0.108668
0.108676
0.108695
0.108702
0.108724
0.108731
0.108758
0.108763
0.108795
0.108751
0.108752
0.108753
0.108756
0.108759
0.108763
0.108767
0.108773
0.108778
0.108786
0.108792
0.108802
0.108809
0.108822
0.108829
0.108844
0.108852
0.108871
0.108877
0.1089
0.108905
0.108933
0.108937
0.10897
0.108919
0.10892
0.108921
0.108924
0.108926
0.108931
0.108933
0.108941
0.108945
0.108953
0.108959
0.108969
0.108976
0.108988
0.108995
0.109011
0.109018
0.109037
0.109043
0.109066
0.109071
0.109098
0.109102
0.109134
0.109078
0.109078
0.10908
0.109081
0.109086
0.109088
0.109094
0.109098
0.109104
0.109111
0.109117
0.109127
0.109133
0.109146
0.109153
0.109169
0.109175
0.109194
0.1092
0.109223
0.109227
0.109255
0.109258
0.109291
0.109228
0.109229
0.109229
0.109234
0.109233
0.109241
0.10924
0.10925
0.109252
0.109262
0.109266
0.109277
0.109283
0.109296
0.109302
0.109318
0.109323
0.109343
0.109349
0.109371
0.109376
0.109402
0.109406
0.109437
0.10937
0.10937
0.109373
0.109372
0.109379
0.109378
0.109387
0.109388
0.109396
0.109402
0.109408
0.109418
0.109424
0.109437
0.109443
0.109459
0.109464
0.109484
0.109488
0.109512
0.109515
0.109542
0.109545
0.109577
0.109504
0.109506
0.109504
0.109511
0.109508
0.109519
0.109515
0.109528
0.109527
0.109538
0.109541
0.109553
0.109557
0.109571
0.109576
0.109592
0.109597
0.109617
0.109621
0.109644
0.109648
0.109674
0.109678
0.109708
0.109632
0.109631
0.109635
0.109633
0.109641
0.109638
0.109649
0.109648
0.109658
0.109662
0.109669
0.109678
0.109684
0.109697
0.109702
0.109718
0.109723
0.109742
0.109746
0.10977
0.109772
0.1098
0.109802
0.109833
0.109751
0.109753
0.109751
0.109759
0.109754
0.109766
0.109761
0.109775
0.109773
0.109785
0.109787
0.109799
0.109803
0.109817
0.109821
0.109837
0.109841
0.109861
0.109865
0.109887
0.109891
0.109917
0.10992
0.10995
0.109865
0.109865
0.109869
0.109866
0.109875
0.109872
0.109882
0.109882
0.109891
0.109895
0.109902
0.109911
0.109916
0.109929
0.109933
0.10995
0.109954
0.109973
0.109977
0.11
0.110002
0.110029
0.110031
0.110061
0.109972
0.109974
0.109972
0.10998
0.109975
0.109987
0.109982
0.109995
0.109993
0.110005
0.110006
0.110019
0.110022
0.110036
0.110039
0.110056
0.110059
0.11008
0.110082
0.110105
0.110108
0.110133
0.110136
0.110166
0.110074
0.110074
0.110077
0.110075
0.110083
0.110081
0.110089
0.110091
0.110098
0.110104
0.110109
0.110119
0.110123
0.110137
0.11014
0.110156
0.11016
0.110179
0.110182
0.110205
0.110207
0.110233
0.110235
0.110264
0.110169
0.110171
0.110169
0.110175
0.110173
0.110182
0.110179
0.11019
0.11019
0.110201
0.110202
0.110215
0.110217
0.110231
0.110234
0.110251
0.110254
0.110274
0.110276
0.110298
0.110301
0.110326
0.110329
0.110357
0.11026
0.11026
0.110262
0.110262
0.110267
0.110268
0.110273
0.110277
0.110282
0.110289
0.110293
0.110304
0.110307
0.110321
0.110323
0.11034
0.110343
0.110362
0.110365
0.110387
0.11039
0.110414
0.110417
0.110445
0.110344
0.110345
0.110345
0.110349
0.110348
0.110356
0.110355
0.110364
0.110365
0.110375
0.110377
0.110388
0.110391
0.110405
0.110408
0.110424
0.110427
0.110446
0.110449
0.11047
0.110472
0.110497
0.110499
0.110528
0.110424
0.110424
0.110426
0.110427
0.110431
0.110433
0.110437
0.110442
0.110446
0.110453
0.110457
0.110467
0.11047
0.110484
0.110486
0.110503
0.110506
0.110524
0.110527
0.110549
0.110551
0.110574
0.110577
0.110605
0.110499
0.1105
0.1105
0.110504
0.110504
0.11051
0.11051
0.110518
0.110519
0.110529
0.110531
0.110542
0.110545
0.110558
0.110561
0.110577
0.110579
0.110598
0.110601
0.110621
0.110624
0.110648
0.11065
0.110678
0.11057
0.11057
0.110571
0.110573
0.110575
0.110579
0.110582
0.110587
0.11059
0.110598
0.110601
0.110612
0.110615
0.110628
0.11063
0.110646
0.110649
0.110667
0.11067
0.110691
0.110693
0.110716
0.110719
0.110746
0.110636
0.110636
0.110637
0.110639
0.110641
0.110645
0.110648
0.110653
0.110656
0.110664
0.110667
0.110677
0.11068
0.110693
0.110696
0.110711
0.110714
0.110732
0.110735
0.110755
0.110757
0.110782
0.110783
0.11081
0.110698
0.110698
0.110699
0.110701
0.110703
0.110707
0.110709
0.110715
0.110718
0.110726
0.110729
0.110739
0.110741
0.110755
0.110757
0.110772
0.110775
0.110793
0.110795
0.110816
0.110818
0.110841
0.110843
0.11087
0.110756
0.110756
0.110757
0.110759
0.110761
0.110764
0.110768
0.110772
0.110776
0.110783
0.110786
0.110796
0.110799
0.110811
0.110814
0.110829
0.110832
0.110849
0.110852
0.110872
0.110874
0.110898
0.110899
0.110926
0.11081
0.11081
0.110811
0.110813
0.110815
0.110818
0.110821
0.110826
0.11083
0.110836
0.11084
0.110849
0.110852
0.110864
0.110867
0.110882
0.110885
0.110902
0.110904
0.110925
0.110927
0.110949
0.110951
0.110977
0.11086
0.11086
0.110862
0.110863
0.110865
0.110868
0.110872
0.110876
0.11088
0.110886
0.11089
0.110898
0.110903
0.110914
0.110917
0.110931
0.110934
0.110951
0.110953
0.110973
0.110975
0.110998
0.110999
0.111026
0.110907
0.110907
0.110909
0.110909
0.110913
0.110914
0.110919
0.110921
0.110927
0.110931
0.110937
0.110944
0.110949
0.110959
0.110963
0.110977
0.110979
0.110997
0.110999
0.111018
0.11102
0.111043
0.111044
0.11107
0.11095
0.110951
0.110951
0.110954
0.110955
0.110959
0.11096
0.110966
0.110969
0.110975
0.11098
0.110986
0.110992
0.111001
0.111006
0.111018
0.111022
0.111038
0.111041
0.11106
0.111062
0.111084
0.111085
0.111112
0.11099
0.11099
0.110992
0.110992
0.110997
0.110996
0.111003
0.111003
0.11101
0.111013
0.11102
0.111025
0.111031
0.11104
0.111045
0.111057
0.111061
0.111077
0.111079
0.111098
0.1111
0.111122
0.111123
0.111149
0.111027
0.111028
0.111028
0.111031
0.111031
0.111036
0.111036
0.111043
0.111044
0.111051
0.111055
0.111061
0.111067
0.111075
0.111081
0.111092
0.111097
0.11111
0.111114
0.111133
0.111135
0.111156
0.111158
0.111183
0.111061
0.111061
0.111063
0.111063
0.111068
0.111067
0.111073
0.111073
0.11108
0.111083
0.111089
0.111094
0.1111
0.111107
0.111114
0.111123
0.111129
0.111143
0.111146
0.111163
0.111166
0.111188
0.111189
0.111214
0.111092
0.111093
0.111093
0.111096
0.111095
0.111101
0.111101
0.111107
0.111108
0.111115
0.111118
0.111124
0.11113
0.111137
0.111143
0.111152
0.111158
0.11117
0.111175
0.111192
0.111195
0.111215
0.111217
0.111242
0.111121
0.111121
0.111123
0.111123
0.111126
0.111127
0.111131
0.111133
0.111138
0.111141
0.111146
0.111151
0.111157
0.111163
0.11117
0.111178
0.111185
0.111196
0.111201
0.111216
0.11122
0.11124
0.111242
0.111266
0.111147
0.111148
0.111148
0.11115
0.111151
0.111154
0.111155
0.111159
0.111162
0.111166
0.111171
0.111175
0.111181
0.111187
0.111194
0.111201
0.111208
0.111217
0.111224
0.111238
0.111242
0.111261
0.111263
0.111287
0.111171
0.111171
0.111172
0.111173
0.111174
0.111177
0.111179
0.111182
0.111185
0.111189
0.111193
0.111197
0.111202
0.111208
0.111214
0.111221
0.111228
0.111237
0.111243
0.111256
0.111261
0.111279
0.111281
0.111306
0.111193
0.111193
0.111194
0.111194
0.111197
0.111197
0.111201
0.111202
0.111206
0.111208
0.111213
0.111216
0.111221
0.111226
0.111232
0.111238
0.111245
0.111253
0.111261
0.111271
0.111277
0.111294
0.111297
0.11132
0.111212
0.111213
0.111212
0.111215
0.111214
0.111218
0.111217
0.111222
0.111222
0.111227
0.111229
0.111233
0.111237
0.111242
0.111247
0.111253
0.111259
0.111267
0.111273
0.111284
0.11129
0.111306
0.111309
0.111332
0.11123
0.11123
0.111231
0.11123
0.111233
0.111232
0.111236
0.111236
0.11124
0.111241
0.111245
0.111248
0.111251
0.111255
0.11126
0.111265
0.11127
0.111277
0.111284
0.111292
0.1113
0.111313
0.111318
0.111341
0.111247
0.111248
0.111247
0.111249
0.111248
0.111251
0.11125
0.111254
0.111254
0.111257
0.111258
0.111261
0.111264
0.111267
0.111271
0.111275
0.111279
0.111284
0.11129
0.111297
0.111305
0.111316
0.111322
0.111344
0.111267
0.111267
0.111268
0.111267
0.11127
0.111267
0.111271
0.111269
0.111272
0.111272
0.111274
0.111275
0.111277
0.111279
0.111281
0.111284
0.111287
0.11129
0.111294
0.111298
0.111304
0.111311
0.111317
0.111334
0.111288
0.111289
0.111288
0.111289
0.111288
0.11129
0.111288
0.11129
0.111289
0.11129
0.11129
0.111291
0.111291
0.111292
0.111292
0.111293
0.111294
0.111295
0.111296
0.111297
0.111299
0.111301
0.111303
0.111309
0.111297
0.111297
0.111297
0.111297
0.111297
0.111297
0.111297
0.111297
0.111297
0.111297
0.111297
0.111296
0.111296
0.111296
0.111296
0.111296
0.111296
0.111296
0.111296
0.111297
0.111297
0.111297
0.111297
0.111297
)
;

boundaryField
{
    asym1
    {
        type            wedge;
    }
    asym2
    {
        type            wedge;
    }
    inlet
    {
        type            calculated;
        value           nonuniform List<scalar> 
24
(
0.111289
0.111289
0.11129
0.11129
0.11129
0.11129
0.11129
0.11129
0.11129
0.111291
0.111291
0.111291
0.111292
0.111292
0.111293
0.111293
0.111294
0.111295
0.111296
0.111297
0.111298
0.1113
0.111302
0.111307
)
;
    }
    nozzle
    {
        type            calculated;
        value           nonuniform List<scalar> 
174
(
0.111297
0.111309
0.111334
0.111344
0.111341
0.111332
0.11132
0.111306
0.111287
0.111266
0.111242
0.111214
0.111183
0.111149
0.111112
0.11107
0.111026
0.110977
0.110926
0.11087
0.11081
0.110746
0.110678
0.110605
0.110528
0.110445
0.110357
0.110264
0.110166
0.110061
0.10995
0.109833
0.109708
0.109577
0.109437
0.109291
0.109134
0.10897
0.108795
0.108611
0.108416
0.10821
0.107992
0.107761
0.107518
0.10726
0.106988
0.106701
0.106398
0.106077
0.105739
0.105381
0.105002
0.104602
0.104181
0.103736
0.103267
0.102772
0.102251
0.101702
0.101124
0.100516
0.0998762
0.0992036
0.0984971
0.0977555
0.0969781
0.0961642
0.0953133
0.0944249
0.0934985
0.0925338
0.0915311
0.09049
0.0894113
0.0882961
0.0871458
0.0859621
0.0847472
0.0835039
0.0822356
0.0809469
0.0796432
0.078332
0.0770224
0.075707
0.0745076
0.0734302
0.0724278
0.0714647
0.0705222
0.0695907
0.0686634
0.0677346
0.0667963
0.065863
0.0649476
0.0640465
0.0631574
0.0622798
0.0614134
0.0605583
0.0597142
0.0588809
0.0580581
0.0572459
0.0564443
0.0556536
0.054874
0.0541061
0.0533501
0.0526065
0.0518756
0.051158
0.0504538
0.0497633
0.0490867
0.0484242
0.0477759
0.0471419
0.0465221
0.0459167
0.0453256
0.0447487
0.0441861
0.0436377
0.0431034
0.0425829
0.0420766
0.0415839
0.0411046
0.0406394
0.040188
0.03975
0.0393249
0.0389132
0.038515
0.0381298
0.0377577
0.0373982
0.0370511
0.0367164
0.036394
0.0360837
0.0357848
0.0354983
0.0352235
0.0349595
0.0347066
0.034465
0.0342345
0.0340148
0.0338056
0.0336068
0.0334183
0.0332402
0.0330723
0.0329145
0.0327669
0.0326291
0.0325013
0.0323833
0.032275
0.0321763
0.0320871
0.0320073
0.0319368
0.0318758
0.0318237
0.0317804
0.0317367
0.0317344
0.0317037
0.0317504
)
;
    }
    outlet
    {
        type            calculated;
        value           nonuniform List<scalar> 
24
(
0.0308481
0.0308508
0.0308566
0.0308662
0.0308783
0.0308935
0.0309128
0.0309327
0.0309596
0.030984
0.031018
0.0310481
0.0310869
0.0311248
0.0311661
0.031214
0.0312538
0.0313166
0.031352
0.0314316
0.031461
0.0315582
0.0315772
0.0316825
)
;
    }
}


// ************************************************************************* //
