/*--------------------------------*- C++ -*----------------------------------*\
  =========                 |
  \\      /  F ield         | OpenFOAM: The Open Source CFD Toolbox
   \\    /   O peration     | Website:  https://openfoam.org
    \\  /    A nd           | Version:  10
     \\/     M anipulation  |
\*---------------------------------------------------------------------------*/
FoamFile
{
    format      ascii;
    class       volScalarField;
    location    "0.49";
    object      rho;
}
// * * * * * * * * * * * * * * * * * * * * * * * * * * * * * * * * * * * * * //

dimensions      [1 -3 0 0 0 0 0];

internalField   nonuniform List<scalar> 
4176
(
0.0308487
0.0308517
0.0308578
0.0308683
0.0308813
0.0308978
0.0309186
0.0309402
0.0309692
0.0309956
0.0310323
0.0310647
0.0311069
0.0311475
0.0311924
0.0312439
0.0312871
0.0313548
0.0313934
0.0314789
0.0315109
0.031616
0.031636
0.0317505
0.0308567
0.0308596
0.0308648
0.0308748
0.0308857
0.0309016
0.0309191
0.03094
0.0309649
0.03099
0.031022
0.0310523
0.0310899
0.031127
0.0311681
0.0312141
0.0312542
0.0313143
0.03135
0.0314266
0.031454
0.0315539
0.0315747
0.0317038
0.030876
0.0308789
0.0308844
0.0308947
0.0309062
0.0309224
0.0309409
0.0309622
0.0309884
0.031014
0.0310477
0.0310787
0.0311182
0.0311562
0.0311995
0.0312468
0.0312892
0.0313519
0.0313877
0.031468
0.0314957
0.0315943
0.0316131
0.0317345
0.0309047
0.0309076
0.0309129
0.0309229
0.030934
0.0309499
0.0309679
0.0309884
0.0310141
0.0310388
0.031072
0.0311016
0.0311408
0.031177
0.03122
0.0312654
0.0313075
0.0313703
0.0314015
0.0314842
0.0315095
0.0316067
0.0316244
0.0317369
0.0309442
0.0309471
0.0309523
0.0309624
0.0309734
0.0309894
0.0310072
0.031028
0.0310534
0.0310784
0.0311112
0.0311412
0.0311801
0.0312165
0.0312596
0.0313044
0.0313484
0.0314081
0.031443
0.0315235
0.0315506
0.0316473
0.0316664
0.0317805
0.0309936
0.0309965
0.0310017
0.0310117
0.0310225
0.0310383
0.0310557
0.0310764
0.0311013
0.0311261
0.0311583
0.0311881
0.0312263
0.0312623
0.0313049
0.0313488
0.0313932
0.0314499
0.0314881
0.0315647
0.0315926
0.0316882
0.0317082
0.0318238
0.0310535
0.0310564
0.0310615
0.0310715
0.0310821
0.0310979
0.0311151
0.0311356
0.0311602
0.0311849
0.0312168
0.0312463
0.0312842
0.0313198
0.0313623
0.0314053
0.03145
0.0315051
0.0315442
0.0316189
0.031648
0.031742
0.0317623
0.0318759
0.0311237
0.0311265
0.0311315
0.0311414
0.0311519
0.0311675
0.0311845
0.0312048
0.0312291
0.0312534
0.0312849
0.031314
0.0313516
0.0313865
0.0314287
0.0314709
0.0315156
0.0315689
0.0316091
0.0316812
0.0317113
0.0318038
0.0318245
0.0319369
0.0312042
0.031207
0.0312119
0.0312218
0.0312321
0.0312476
0.0312643
0.0312844
0.0313084
0.0313324
0.0313635
0.0313922
0.0314294
0.0314637
0.0315056
0.0315469
0.0315916
0.0316432
0.0316843
0.031754
0.0317851
0.0318756
0.0318968
0.0320074
0.031295
0.0312978
0.0313027
0.0313124
0.0313226
0.0313379
0.0313544
0.0313743
0.0313979
0.0314216
0.0314523
0.0314805
0.0315172
0.0315509
0.0315925
0.0316328
0.0316774
0.0317274
0.0317691
0.0318364
0.031869
0.0319562
0.0319783
0.0320872
0.0313963
0.0313991
0.0314039
0.0314135
0.0314235
0.0314386
0.0314548
0.0314745
0.0314977
0.0315211
0.0315513
0.0315791
0.0316153
0.0316484
0.0316895
0.0317289
0.0317732
0.0318217
0.0318639
0.0319288
0.0319618
0.0320475
0.0320695
0.0321764
0.031508
0.0315108
0.0315155
0.031525
0.0315348
0.0315498
0.0315657
0.031585
0.0316079
0.0316309
0.0316607
0.0316879
0.0317236
0.031756
0.0317966
0.0318351
0.0318791
0.0319261
0.0319687
0.0320312
0.0320649
0.0321479
0.0321704
0.0322751
0.0316303
0.0316331
0.0316377
0.0316471
0.0316567
0.0316714
0.031687
0.0317061
0.0317285
0.0317511
0.0317804
0.0318071
0.0318423
0.031874
0.031914
0.0319515
0.0319951
0.0320407
0.0320835
0.0321436
0.0321778
0.0322585
0.0322809
0.0323834
0.0317632
0.031766
0.0317704
0.0317797
0.0317891
0.0318036
0.0318189
0.0318376
0.0318596
0.0318818
0.0319106
0.0319367
0.0319713
0.0320022
0.0320417
0.0320782
0.0321213
0.0321654
0.0322083
0.032266
0.0323009
0.0323787
0.0324013
0.0325014
0.0319068
0.0319095
0.0319139
0.0319231
0.0319322
0.0319465
0.0319614
0.0319798
0.0320013
0.032023
0.0320513
0.0320767
0.0321108
0.0321409
0.0321798
0.0322151
0.0322577
0.0323003
0.0323432
0.0323985
0.0324337
0.0325091
0.0325317
0.0326292
0.0320612
0.0320639
0.0320682
0.0320772
0.0320861
0.0321001
0.0321146
0.0321326
0.0321537
0.0321748
0.0322025
0.0322273
0.0322607
0.0322899
0.0323282
0.0323625
0.0324044
0.0324455
0.0324882
0.0325411
0.0325768
0.0326492
0.0326722
0.0327669
0.0322265
0.0322292
0.0322333
0.0322422
0.0322508
0.0322645
0.0322787
0.0322962
0.0323168
0.0323374
0.0323644
0.0323885
0.0324211
0.0324495
0.032487
0.0325202
0.0325615
0.0326011
0.0326435
0.032694
0.03273
0.0327994
0.0328229
0.0329146
0.0324027
0.0324054
0.0324094
0.0324181
0.0324265
0.0324399
0.0324536
0.0324707
0.0324907
0.0325107
0.032537
0.0325604
0.0325923
0.0326197
0.0326564
0.0326884
0.0327291
0.0327671
0.032809
0.0328571
0.0328934
0.0329599
0.0329836
0.0330723
0.0325901
0.0325927
0.0325966
0.0326051
0.0326132
0.0326263
0.0326396
0.0326562
0.0326756
0.032695
0.0327206
0.0327431
0.0327742
0.0328007
0.0328365
0.0328673
0.0329071
0.0329436
0.032985
0.0330307
0.0330671
0.0331306
0.0331547
0.0332402
0.0327887
0.0327912
0.032795
0.0328033
0.032811
0.0328238
0.0328366
0.0328527
0.0328715
0.0328902
0.0329151
0.0329368
0.0329669
0.0329924
0.0330273
0.0330568
0.0330957
0.0331306
0.0331714
0.0332147
0.0332512
0.0333116
0.033336
0.0334183
0.0329986
0.0330011
0.0330047
0.0330128
0.0330202
0.0330326
0.0330448
0.0330605
0.0330786
0.0330966
0.0331206
0.0331415
0.0331707
0.0331951
0.033229
0.0332571
0.0332951
0.0333283
0.0333684
0.0334093
0.0334458
0.0335031
0.0335278
0.0336067
0.0332198
0.0332223
0.0332257
0.0332336
0.0332407
0.0332527
0.0332644
0.0332794
0.0332968
0.0333141
0.0333373
0.0333573
0.0333855
0.0334088
0.0334417
0.0334684
0.0335053
0.0335369
0.033576
0.0336146
0.0336511
0.0337051
0.03373
0.0338054
0.0334527
0.0334551
0.0334583
0.033466
0.0334726
0.0334842
0.0334953
0.0335098
0.0335265
0.033543
0.0335653
0.0335843
0.0336115
0.0336336
0.0336654
0.0336908
0.0337266
0.0337563
0.0337946
0.0338308
0.033867
0.0339177
0.0339429
0.0340146
0.0336971
0.0336994
0.0337025
0.0337099
0.0337161
0.0337273
0.0337378
0.0337516
0.0337675
0.0337832
0.0338046
0.0338226
0.0338489
0.0338697
0.0339004
0.0339243
0.0339589
0.0339869
0.0340241
0.034058
0.0340938
0.0341412
0.0341664
0.0342343
0.0339531
0.0339555
0.0339583
0.0339655
0.0339713
0.033982
0.0339919
0.0340051
0.0340202
0.034035
0.0340555
0.0340724
0.0340976
0.0341172
0.0341467
0.0341691
0.0342025
0.0342286
0.0342648
0.0342963
0.0343317
0.0343756
0.0344007
0.0344648
0.034221
0.0342233
0.0342259
0.0342328
0.0342382
0.0342485
0.0342577
0.0342703
0.0342845
0.0342985
0.0343179
0.0343338
0.0343578
0.0343761
0.0344044
0.0344252
0.0344575
0.0344817
0.0345167
0.0345458
0.0345806
0.0346213
0.034646
0.0347064
0.0345007
0.0345029
0.0345054
0.034512
0.034517
0.0345267
0.0345354
0.0345472
0.0345606
0.0345737
0.0345921
0.0346068
0.0346297
0.0346467
0.0346737
0.0346929
0.0347239
0.0347462
0.03478
0.0348068
0.0348408
0.0348779
0.0349026
0.0349593
0.0347923
0.0347945
0.0347967
0.0348031
0.0348076
0.0348169
0.0348249
0.0348361
0.0348486
0.0348608
0.0348781
0.0348917
0.0349134
0.0349289
0.0349547
0.0349723
0.0350019
0.0350223
0.0350548
0.0350792
0.0351121
0.0351459
0.0351705
0.0352232
0.0350959
0.0350981
0.0351001
0.0351062
0.0351103
0.0351192
0.0351265
0.0351369
0.0351486
0.0351598
0.0351761
0.0351885
0.035209
0.0352231
0.0352475
0.0352634
0.0352916
0.0353101
0.0353413
0.0353633
0.0353952
0.0354253
0.0354505
0.0354979
0.0354117
0.0354138
0.0354156
0.0354215
0.0354251
0.0354335
0.0354401
0.0354499
0.0354607
0.0354709
0.0354862
0.0354974
0.0355166
0.0355293
0.0355523
0.0355665
0.0355933
0.0356097
0.0356395
0.0356591
0.0356899
0.0357166
0.0357414
0.0357848
0.0357397
0.0357418
0.0357434
0.0357489
0.0357521
0.03576
0.035766
0.035775
0.0357849
0.0357942
0.0358084
0.0358184
0.0358364
0.0358476
0.0358693
0.0358817
0.035907
0.0359214
0.0359497
0.0359668
0.0359965
0.0360197
0.0360439
0.0360836
0.03608
0.036082
0.0360834
0.0360887
0.0360914
0.0360988
0.0361041
0.0361124
0.0361214
0.0361298
0.0361429
0.0361517
0.0361684
0.0361782
0.0361985
0.0362091
0.0362329
0.0362452
0.0362719
0.0362866
0.0363149
0.036335
0.0363589
0.036394
0.0364327
0.0364346
0.0364358
0.0364408
0.0364431
0.0364499
0.0364545
0.0364621
0.0364703
0.0364777
0.0364897
0.0364974
0.0365128
0.0365212
0.0365401
0.0365489
0.0365712
0.0365814
0.0366066
0.0366186
0.0366456
0.0366623
0.0366861
0.0367164
0.0367978
0.0367997
0.0368007
0.0368054
0.0368072
0.0368136
0.0368175
0.0368244
0.0368316
0.0368381
0.036849
0.0368555
0.0368697
0.0368766
0.0368941
0.0369011
0.036922
0.03693
0.0369537
0.0369631
0.0369886
0.0370022
0.0370255
0.0370511
0.0371755
0.0371774
0.0371781
0.0371826
0.037184
0.0371899
0.0371931
0.0371992
0.0372056
0.0372111
0.0372209
0.0372262
0.0372391
0.0372445
0.0372607
0.037266
0.0372854
0.0372913
0.0373134
0.0373203
0.0373443
0.0373545
0.0373772
0.0373982
0.0375659
0.0375677
0.0375682
0.0375724
0.0375734
0.0375788
0.0375813
0.0375868
0.0375922
0.0375968
0.0376056
0.0376096
0.0376213
0.0376252
0.03764
0.0376434
0.0376614
0.0376651
0.0376859
0.0376901
0.0377128
0.0377197
0.0377414
0.0377577
0.037969
0.0379707
0.0379711
0.037975
0.0379755
0.0379805
0.0379824
0.0379872
0.0379917
0.0379953
0.038003
0.0380058
0.0380162
0.0380187
0.038032
0.0380337
0.0380502
0.0380518
0.0380711
0.0380728
0.0380941
0.0380978
0.0381183
0.0381299
0.0383849
0.0383866
0.0383868
0.0383905
0.0383906
0.0383951
0.0383963
0.0384004
0.0384041
0.0384068
0.0384134
0.038415
0.0384242
0.0384251
0.0384371
0.0384369
0.0384519
0.0384513
0.0384692
0.0384682
0.0384882
0.0384889
0.0385083
0.038515
0.0388139
0.0388155
0.0388155
0.038819
0.0388186
0.0388227
0.0388232
0.0388267
0.0388295
0.0388313
0.0388368
0.0388373
0.0388452
0.0388446
0.0388552
0.0388532
0.0388667
0.0388638
0.0388802
0.0388767
0.0388953
0.0388927
0.0389113
0.0389133
0.0392559
0.0392576
0.0392573
0.0392605
0.0392597
0.0392634
0.0392633
0.0392661
0.039268
0.0392689
0.0392734
0.0392727
0.0392794
0.0392773
0.0392866
0.0392827
0.0392948
0.0392896
0.0393045
0.0392982
0.0393153
0.0393097
0.0393271
0.039325
0.0397112
0.0397128
0.0397124
0.0397154
0.0397141
0.0397173
0.0397165
0.0397187
0.0397198
0.0397197
0.0397232
0.0397213
0.0397268
0.0397233
0.0397312
0.0397255
0.0397361
0.0397287
0.0397421
0.039733
0.0397488
0.0397396
0.0397559
0.0397501
0.0401798
0.0401814
0.0401808
0.0401835
0.0401819
0.0401846
0.0401832
0.0401846
0.0401849
0.0401839
0.0401863
0.0401833
0.0401875
0.0401826
0.0401891
0.0401816
0.0401909
0.0401812
0.0401932
0.0401813
0.0401957
0.0401831
0.0401983
0.0401881
0.0406619
0.0406635
0.0406626
0.0406652
0.040663
0.0406653
0.0406633
0.040664
0.0406634
0.0406615
0.0406629
0.0406587
0.0406617
0.0406553
0.0406606
0.0406512
0.0406592
0.0406471
0.0406579
0.040643
0.0406564
0.04064
0.0406544
0.0406396
0.0411576
0.0411591
0.0411581
0.0411604
0.0411578
0.0411597
0.0411569
0.041157
0.0411555
0.0411527
0.041153
0.0411476
0.0411494
0.0411415
0.0411455
0.0411343
0.0411409
0.0411266
0.0411362
0.0411183
0.0411307
0.0411108
0.0411244
0.0411048
0.041667
0.0416685
0.0416672
0.0416693
0.0416663
0.0416677
0.0416642
0.0416636
0.0416613
0.0416575
0.0416568
0.0416502
0.0416508
0.0416414
0.041644
0.0416311
0.0416362
0.0416197
0.041628
0.0416072
0.0416189
0.0415951
0.041608
0.0415841
0.0421902
0.0421916
0.0421901
0.0421919
0.0421885
0.0421894
0.0421853
0.042184
0.0421808
0.0421761
0.0421743
0.0421665
0.0421658
0.042155
0.0421562
0.0421414
0.0421452
0.0421263
0.0421335
0.0421097
0.0421206
0.0420931
0.0421056
0.0420768
0.0427271
0.0427285
0.0427269
0.0427284
0.0427245
0.0427249
0.0427201
0.0427182
0.0427141
0.0427084
0.0427055
0.0426965
0.0426946
0.0426823
0.0426823
0.0426655
0.042668
0.0426467
0.0426529
0.0426259
0.0426362
0.0426044
0.0426174
0.0425831
0.0432779
0.0432793
0.0432774
0.0432787
0.0432743
0.0432743
0.0432688
0.0432662
0.0432612
0.0432546
0.0432506
0.0432404
0.0432373
0.0432235
0.0432221
0.0432035
0.0432047
0.0431809
0.0431861
0.043156
0.0431653
0.0431293
0.0431433
0.0431036
0.0438425
0.0438438
0.0438418
0.0438429
0.043838
0.0438376
0.0438314
0.0438281
0.0438222
0.0438146
0.0438096
0.0437982
0.0437939
0.0437785
0.043776
0.0437553
0.0437553
0.043729
0.0437333
0.0436999
0.0437088
0.0436685
0.0436824
0.0436379
0.044421
0.0444223
0.04442
0.0444208
0.0444155
0.0444146
0.0444078
0.0444038
0.044397
0.0443885
0.0443825
0.0443698
0.0443644
0.0443473
0.0443437
0.044321
0.0443199
0.044291
0.0442945
0.0442575
0.0442667
0.0442215
0.0442356
0.0441863
0.0450132
0.0450144
0.045012
0.0450126
0.0450068
0.0450055
0.0449979
0.0449933
0.0449857
0.0449762
0.0449692
0.0449553
0.0449488
0.0449301
0.0449254
0.0449005
0.0448986
0.0448669
0.0448697
0.0448285
0.0448394
0.0447887
0.0448026
0.0447489
0.0456191
0.0456203
0.0456176
0.045618
0.0456118
0.0456101
0.0456019
0.0455965
0.0455881
0.0455777
0.0455697
0.0455545
0.0455471
0.0455266
0.0455211
0.0454939
0.0454914
0.0454565
0.0454594
0.0454145
0.0454244
0.0453704
0.045384
0.0453257
0.0462385
0.0462397
0.0462369
0.046237
0.0462304
0.0462283
0.0462194
0.0462135
0.0462042
0.0461929
0.0461841
0.0461675
0.0461592
0.046137
0.0461307
0.0461011
0.0460983
0.0460595
0.046064
0.0460142
0.0460239
0.0459663
0.0459792
0.0459168
0.0468713
0.0468725
0.0468695
0.0468695
0.0468624
0.04686
0.0468504
0.0468439
0.0468339
0.0468216
0.0468121
0.0467941
0.0467852
0.0467609
0.0467543
0.0467219
0.0467195
0.0466775
0.0466807
0.0466286
0.046637
0.0465766
0.0465888
0.0465222
0.0475174
0.0475186
0.0475154
0.0475152
0.0475077
0.0475049
0.0474948
0.0474877
0.0474771
0.0474637
0.0474537
0.0474341
0.0474251
0.0473983
0.0473921
0.0473566
0.0473543
0.0473088
0.0473119
0.0472569
0.0472646
0.0472009
0.0472124
0.0471419
0.0481765
0.0481777
0.0481743
0.048174
0.0481661
0.0481631
0.0481524
0.0481447
0.0481335
0.048119
0.0481089
0.0480873
0.0480787
0.0480488
0.0480437
0.0480046
0.0480025
0.0479551
0.0479565
0.0478996
0.0479059
0.0478396
0.0478503
0.0477759
0.0488484
0.0488497
0.048846
0.0488457
0.0488374
0.0488342
0.0488229
0.0488146
0.0488033
0.0487872
0.0487776
0.0487535
0.0487456
0.0487136
0.0487073
0.0486675
0.0486637
0.0486147
0.0486153
0.0485561
0.0485613
0.0484922
0.0485022
0.0484242
0.0495329
0.0495343
0.0495302
0.0495302
0.0495212
0.0495181
0.0495062
0.0494971
0.0494861
0.0494685
0.0494588
0.0494337
0.0494248
0.0493919
0.0493846
0.0493435
0.0493386
0.0492884
0.0492873
0.0492264
0.0492305
0.049159
0.0491682
0.0490867
0.0502298
0.0502313
0.050227
0.0502271
0.0502174
0.0502145
0.0502019
0.0501928
0.0501809
0.050163
0.0501526
0.0501268
0.050117
0.0500834
0.0500749
0.050033
0.0500267
0.0499753
0.0499731
0.0499104
0.0499134
0.0498395
0.049848
0.0497632
0.0509389
0.0509404
0.0509361
0.0509359
0.0509263
0.050923
0.0509097
0.0509013
0.050888
0.0508702
0.0508589
0.0508326
0.050822
0.0507877
0.0507784
0.0507354
0.0507282
0.0506755
0.0506721
0.050608
0.0506098
0.0505339
0.0505415
0.0504537
0.05166
0.0516615
0.0516573
0.051657
0.0516472
0.0516438
0.0516301
0.0516219
0.051607
0.0515902
0.0515774
0.0515509
0.0515396
0.0515048
0.0514944
0.0514508
0.0514425
0.0513888
0.0513843
0.0513188
0.0513197
0.0512416
0.0512486
0.0511579
0.052393
0.0523945
0.0523903
0.0523899
0.05238
0.0523765
0.0523625
0.0523542
0.0523385
0.0523223
0.0523077
0.0522821
0.0522696
0.0522342
0.052223
0.0521789
0.0521695
0.0521149
0.0521093
0.0520426
0.0520424
0.0519627
0.0519689
0.0518756
0.0531377
0.0531393
0.053135
0.0531346
0.0531246
0.053121
0.0531068
0.0530985
0.0530821
0.0530662
0.0530504
0.0530254
0.0530115
0.0529758
0.0529639
0.0529193
0.052909
0.0528535
0.052847
0.0527792
0.052778
0.0526965
0.0527021
0.0526064
0.0538941
0.0538957
0.0538914
0.053891
0.0538809
0.0538773
0.0538628
0.0538545
0.0538376
0.0538219
0.0538051
0.0537805
0.053765
0.0537301
0.0537167
0.0536717
0.0536606
0.0536043
0.0535968
0.053528
0.0535259
0.0534431
0.0534479
0.05335
0.0546621
0.0546638
0.0546595
0.0546591
0.0546488
0.0546452
0.0546305
0.0546221
0.0546048
0.0545892
0.0545716
0.0545471
0.0545306
0.0544957
0.0544813
0.0544359
0.0544239
0.054367
0.0543586
0.0542889
0.0542859
0.0542017
0.0542058
0.054106
0.0554419
0.0554436
0.0554392
0.0554389
0.0554284
0.0554248
0.0554097
0.0554013
0.0553835
0.0553681
0.0553495
0.0553251
0.0553076
0.0552727
0.0552572
0.0552117
0.0551987
0.0551411
0.055132
0.0550612
0.0550575
0.0549722
0.0549755
0.0548739
0.0562333
0.0562352
0.0562306
0.0562304
0.0562196
0.056216
0.0562005
0.056192
0.0561736
0.0561582
0.0561387
0.0561144
0.0560959
0.0560607
0.0560445
0.0559983
0.0559845
0.0559265
0.0559163
0.0558449
0.0558402
0.0557538
0.0557565
0.0556534
0.0570364
0.0570383
0.0570336
0.0570334
0.0570223
0.0570185
0.0570026
0.0569939
0.0569749
0.0569593
0.0569387
0.0569145
0.0568948
0.0568595
0.0568424
0.0567956
0.0567811
0.0567222
0.0567115
0.0566393
0.0566337
0.0565466
0.0565486
0.0564441
0.0578509
0.0578529
0.0578479
0.0578477
0.0578362
0.0578322
0.0578157
0.0578066
0.057787
0.057771
0.0577493
0.0577253
0.0577041
0.0576688
0.0576505
0.0576033
0.0575883
0.0575286
0.0575167
0.0574443
0.0574377
0.0573498
0.0573512
0.0572458
0.0586762
0.0586783
0.0586731
0.0586726
0.0586607
0.0586563
0.0586393
0.0586297
0.0586094
0.0585929
0.0585701
0.0585461
0.0585232
0.0584884
0.0584685
0.0584211
0.0584053
0.0583446
0.0583323
0.0582593
0.0582519
0.0581637
0.0581642
0.058058
0.0595114
0.0595134
0.0595081
0.0595073
0.0594951
0.0594902
0.0594727
0.0594625
0.0594414
0.0594243
0.0594005
0.0593766
0.0593519
0.0593177
0.059296
0.0592486
0.0592314
0.059171
0.0591576
0.0590846
0.0590762
0.0589876
0.0589876
0.0588808
0.0603547
0.0603568
0.0603514
0.0603503
0.0603379
0.0603326
0.0603146
0.0603039
0.0602823
0.0602647
0.0602401
0.060216
0.0601897
0.0601564
0.0601323
0.0600862
0.0600664
0.0600072
0.0599931
0.0599196
0.0599104
0.059822
0.0598213
0.0597141
0.0612042
0.0612063
0.0612009
0.0611998
0.0611873
0.0611819
0.0611638
0.0611528
0.0611309
0.0611131
0.0610881
0.061064
0.0610365
0.0610039
0.060978
0.0609332
0.0609119
0.0608529
0.0608379
0.0607646
0.0607549
0.0606665
0.0606654
0.0605582
0.0620576
0.0620597
0.0620545
0.0620536
0.0620413
0.0620362
0.0620184
0.0620078
0.0619861
0.0619686
0.0619436
0.0619198
0.0618919
0.0618602
0.0618326
0.0617898
0.0617661
0.061709
0.0616919
0.0616204
0.0616097
0.0615218
0.0615204
0.0614133
0.062913
0.0629153
0.0629105
0.06291
0.0628984
0.062894
0.062877
0.0628673
0.0628465
0.0628299
0.0628057
0.0627829
0.0627554
0.0627249
0.0626969
0.0626557
0.0626308
0.0625753
0.0625565
0.0624865
0.0624754
0.0623876
0.0623864
0.0622796
0.0637695
0.063772
0.0637677
0.0637681
0.0637574
0.0637543
0.0637385
0.0637304
0.063711
0.0636961
0.0636735
0.0636525
0.0636263
0.0635976
0.0635702
0.0635312
0.0635053
0.0634526
0.0634333
0.0633628
0.0633524
0.0632649
0.0632637
0.0631572
0.064628
0.0646309
0.0646272
0.0646286
0.0646189
0.0646174
0.0646031
0.0645969
0.0645796
0.0645669
0.0645464
0.0645279
0.0645036
0.0644776
0.0644518
0.0644155
0.0643903
0.0643404
0.0643205
0.0642524
0.0642414
0.0641538
0.0641528
0.0640463
0.0654919
0.065495
0.0654919
0.0654943
0.0654856
0.0654856
0.0654728
0.0654686
0.0654533
0.065443
0.0654248
0.065409
0.0653873
0.0653641
0.0653409
0.0653076
0.0652845
0.0652375
0.0652196
0.0651529
0.0651433
0.0650558
0.065055
0.0649474
0.0663666
0.0663703
0.0663671
0.0663706
0.0663622
0.0663637
0.0663516
0.0663493
0.0663351
0.066327
0.0663105
0.0662973
0.0662776
0.0662572
0.0662373
0.0662057
0.0661874
0.0661412
0.0661281
0.0660628
0.0660571
0.0659705
0.065971
0.0658628
0.06726
0.0672644
0.0672604
0.0672653
0.0672556
0.0672589
0.0672453
0.0672454
0.0672296
0.067224
0.0672072
0.0671959
0.0671772
0.0671581
0.0671424
0.0671083
0.0670995
0.0670477
0.0670455
0.0669772
0.0669788
0.0668946
0.0668987
0.066796
0.0681814
0.0681854
0.0681821
0.0681851
0.0681765
0.0681771
0.0681647
0.0681615
0.0681471
0.0681386
0.0681223
0.0681098
0.0680904
0.0680732
0.0680548
0.0680237
0.0680144
0.0679648
0.0679638
0.0678977
0.0679027
0.0678204
0.0678293
0.0677344
0.0691391
0.0691428
0.0691389
0.0691409
0.0691308
0.0691298
0.0691151
0.0691097
0.0690926
0.0690815
0.0690624
0.0690471
0.069025
0.069006
0.0689828
0.0689548
0.0689381
0.0688918
0.0688895
0.0688225
0.0688296
0.0687455
0.0687578
0.0686631
0.0701395
0.070143
0.0701382
0.070139
0.0701267
0.0701234
0.0701056
0.0700969
0.0700758
0.0700604
0.0700367
0.0700166
0.0699893
0.0699655
0.0699364
0.0699053
0.0698815
0.0698357
0.0698256
0.0697566
0.0697636
0.0696746
0.0696893
0.0695904
0.0711861
0.0711898
0.0711835
0.0711834
0.0711685
0.0711629
0.0711415
0.0711293
0.0711031
0.0710832
0.0710531
0.0710272
0.0709927
0.070962
0.0709247
0.0708865
0.0708547
0.0708006
0.0707853
0.070707
0.0707117
0.0706138
0.0706292
0.0705219
0.0722789
0.0722832
0.072275
0.0722744
0.072257
0.0722497
0.0722243
0.0722097
0.0721775
0.0721548
0.0721163
0.0720867
0.0720422
0.072005
0.0719581
0.0719102
0.0718699
0.0718014
0.0717782
0.0716866
0.0716837
0.0715725
0.0715855
0.0714644
0.0734145
0.073418
0.0734107
0.0734078
0.0733902
0.0733798
0.0733536
0.0733343
0.0733012
0.0732714
0.0732317
0.0731931
0.0731453
0.0730992
0.0730436
0.0729897
0.0729317
0.072858
0.0728177
0.0727132
0.0726957
0.0725658
0.0725706
0.0724275
0.0745864
0.0745898
0.0745822
0.0745788
0.0745604
0.0745491
0.0745214
0.0745005
0.0744653
0.0744332
0.0743904
0.0743485
0.0742965
0.0742455
0.0741843
0.0741235
0.0740542
0.0739801
0.0739118
0.0738093
0.0737654
0.0736181
0.0736062
0.07343
0.0757865
0.0757897
0.0757824
0.0757788
0.0757602
0.0757487
0.0757205
0.0756992
0.0756632
0.0756303
0.0755865
0.0755431
0.0754897
0.0754365
0.0753728
0.0753088
0.0752356
0.0751573
0.0750786
0.0749782
0.0749046
0.0747601
0.0747213
0.0745074
0.0770062
0.0770094
0.0770023
0.076999
0.0769806
0.0769695
0.0769416
0.0769208
0.0768852
0.0768527
0.0768094
0.0767665
0.0767134
0.0766607
0.0765974
0.0765339
0.0764608
0.076383
0.0763036
0.0762044
0.0761251
0.0759889
0.0759324
0.0757068
0.0782366
0.0782402
0.0782333
0.0782307
0.0782128
0.0782026
0.0781755
0.0781558
0.0781213
0.0780903
0.0780484
0.0780072
0.077956
0.0779054
0.0778442
0.0777833
0.0777128
0.0776379
0.0775636
0.0774657
0.0773984
0.0772605
0.0772205
0.0770223
0.0794701
0.079474
0.0794675
0.0794656
0.0794484
0.0794394
0.0794134
0.0793954
0.0793624
0.0793334
0.0792936
0.0792549
0.0792062
0.0791586
0.0791006
0.0790434
0.0789767
0.0789066
0.0788366
0.0787447
0.0786828
0.0785527
0.0785157
0.078332
0.0806994
0.0807036
0.0806975
0.0806965
0.0806801
0.0806725
0.0806478
0.0806317
0.0806005
0.0805739
0.0805364
0.0805007
0.0804549
0.0804109
0.0803565
0.0803034
0.0802409
0.0801761
0.0801106
0.0800256
0.0799682
0.0798478
0.0798132
0.0796432
0.0819184
0.0819232
0.0819172
0.0819174
0.0819016
0.0818957
0.0818722
0.0818583
0.0818288
0.0818051
0.0817697
0.0817377
0.0816945
0.0816548
0.0816036
0.0815552
0.0814972
0.081438
0.0813771
0.0812984
0.0812463
0.0811354
0.0811031
0.0809469
0.0831224
0.0831276
0.0831213
0.0831232
0.0831076
0.083104
0.083081
0.0830702
0.0830416
0.0830218
0.0829875
0.0829604
0.0829186
0.0828846
0.0828356
0.0827932
0.0827386
0.0826854
0.0826289
0.0825573
0.0825092
0.0824081
0.0823782
0.0822356
0.0843068
0.0843122
0.0843063
0.0843093
0.0842941
0.0842927
0.0842703
0.0842625
0.0842346
0.084219
0.0841855
0.0841637
0.0841227
0.0840953
0.0840471
0.0840124
0.0839596
0.083913
0.0838619
0.0837955
0.0837518
0.0836608
0.0836331
0.0835039
0.0854682
0.0854737
0.0854686
0.0854716
0.0854585
0.0854569
0.0854378
0.0854299
0.0854063
0.0853908
0.0853623
0.0853413
0.0853057
0.0852801
0.0852372
0.0852058
0.0851578
0.0851172
0.0850685
0.0850105
0.0849706
0.0848892
0.0848635
0.0847473
0.0866039
0.0866092
0.0866048
0.0866082
0.0865964
0.0865957
0.0865785
0.0865719
0.086551
0.0865369
0.0865123
0.0864926
0.086462
0.0864379
0.0864007
0.0863717
0.0863293
0.0862933
0.0862483
0.0861987
0.0861618
0.0860896
0.086066
0.0859621
0.087711
0.0877167
0.0877127
0.0877166
0.0877059
0.0877062
0.0876906
0.0876855
0.0876669
0.0876546
0.0876331
0.0876155
0.0875888
0.0875673
0.0875345
0.0875089
0.087471
0.0874396
0.0873985
0.0873579
0.0873215
0.0872589
0.0872374
0.0871457
0.0887884
0.0887939
0.0887905
0.0887949
0.0887851
0.0887865
0.0887723
0.0887687
0.0887522
0.0887418
0.088723
0.0887077
0.0886843
0.0886657
0.0886369
0.0886146
0.0885812
0.0885542
0.0885175
0.0884826
0.0884486
0.0883958
0.0883764
0.088296
0.0898342
0.0898398
0.0898367
0.0898416
0.0898327
0.089835
0.0898222
0.08982
0.0898054
0.089797
0.0897806
0.0897676
0.0897474
0.0897314
0.0897063
0.0896874
0.089658
0.0896352
0.0896026
0.0895737
0.089542
0.0894978
0.0894809
0.0894113
0.0908474
0.0908529
0.0908502
0.0908556
0.0908474
0.0908507
0.0908391
0.0908384
0.0908254
0.0908189
0.0908048
0.0907941
0.0907766
0.0907634
0.0907416
0.0907258
0.0907004
0.0906814
0.090653
0.090629
0.0906005
0.0905656
0.0905484
0.09049
0.0918271
0.0918326
0.0918302
0.0918359
0.0918286
0.0918326
0.0918224
0.0918228
0.0918116
0.0918067
0.0917948
0.0917861
0.0917714
0.0917607
0.091742
0.0917293
0.0917074
0.0916921
0.0916676
0.091648
0.0916233
0.0915955
0.0915802
0.0915311
0.0927729
0.0927783
0.0927761
0.0927825
0.0927754
0.0927808
0.092771
0.0927731
0.0927632
0.09276
0.09275
0.0927434
0.0927311
0.0927228
0.092707
0.0926972
0.0926788
0.0926669
0.0926458
0.0926308
0.0926093
0.0925881
0.0925743
0.0925338
0.0936845
0.0936897
0.0936881
0.0936942
0.0936886
0.0936937
0.093686
0.0936883
0.0936804
0.0936783
0.0936704
0.0936655
0.0936556
0.0936495
0.0936365
0.0936293
0.0936139
0.0936052
0.0935877
0.0935764
0.0935589
0.0935424
0.0935304
0.0934985
0.0945618
0.094567
0.0945653
0.0945722
0.0945664
0.0945731
0.0945653
0.0945696
0.0945622
0.0945621
0.0945555
0.0945526
0.0945446
0.0945407
0.0945301
0.0945254
0.094513
0.0945073
0.0944929
0.0944855
0.0944707
0.0944593
0.0944487
0.0944249
0.0954049
0.0954099
0.0954087
0.0954153
0.0954109
0.0954171
0.0954113
0.0954154
0.0954101
0.0954107
0.095406
0.0954045
0.0953986
0.0953965
0.0953883
0.0953859
0.0953761
0.0953731
0.0953615
0.0953573
0.0953457
0.0953383
0.0953303
0.0953133
0.0962141
0.0962188
0.0962185
0.0962241
0.0962216
0.0962268
0.0962231
0.0962272
0.0962235
0.096225
0.0962218
0.0962218
0.0962176
0.0962174
0.0962112
0.096211
0.0962036
0.0962032
0.0961943
0.0961933
0.0961841
0.0961806
0.0961749
0.0961642
0.0969898
0.0969948
0.0969934
0.0970013
0.0969962
0.0970054
0.0969992
0.0970065
0.0970021
0.0970057
0.0970033
0.0970049
0.0970022
0.0970037
0.0969995
0.0970012
0.0969961
0.096998
0.0969915
0.0969933
0.0969868
0.0969871
0.0969835
0.0969781
0.0977328
0.0977366
0.0977382
0.0977411
0.0977436
0.0977448
0.0977474
0.0977486
0.0977501
0.0977515
0.097752
0.097754
0.0977531
0.097756
0.0977536
0.0977571
0.0977539
0.0977579
0.0977539
0.0977584
0.0977539
0.0977576
0.0977561
0.0977555
0.0984432
0.0984481
0.0984462
0.0984559
0.0984491
0.098462
0.0984539
0.0984653
0.0984604
0.0984676
0.0984662
0.0984708
0.0984706
0.098475
0.0984742
0.0984793
0.098478
0.0984841
0.0984817
0.0984887
0.0984863
0.0984932
0.098493
0.0984971
0.0991225
0.0991254
0.0991289
0.0991291
0.0991361
0.0991334
0.099142
0.0991395
0.0991466
0.0991467
0.0991511
0.0991541
0.0991563
0.0991615
0.0991621
0.0991688
0.099169
0.0991766
0.0991763
0.0991855
0.0991846
0.0991943
0.0991955
0.0992036
0.0997705
0.0997753
0.0997733
0.0997835
0.0997767
0.0997911
0.0997827
0.0997966
0.0997914
0.0998016
0.0998008
0.0998081
0.0998096
0.0998166
0.0998183
0.0998262
0.0998279
0.0998373
0.0998381
0.0998493
0.09985
0.0998623
0.0998644
0.0998762
0.10039
0.100392
0.100396
0.100395
0.100404
0.100401
0.100411
0.100408
0.100418
0.100418
0.100425
0.100429
0.100434
0.100441
0.100444
0.100453
0.100456
0.100466
0.100469
0.100482
0.100483
0.100498
0.100501
0.100516
0.100979
0.100983
0.100982
0.10099
0.100987
0.100998
0.100994
0.101006
0.101003
0.101014
0.101015
0.101024
0.101027
0.101035
0.101039
0.101049
0.101053
0.101065
0.101069
0.101083
0.101086
0.101103
0.101106
0.101124
0.101541
0.101543
0.101547
0.101547
0.101554
0.101554
0.101563
0.101562
0.101571
0.101574
0.101581
0.101587
0.101593
0.101601
0.101606
0.101617
0.101622
0.101635
0.10164
0.101656
0.101659
0.101677
0.101681
0.101703
0.102075
0.102079
0.102079
0.102085
0.102085
0.102093
0.102093
0.102102
0.102104
0.102113
0.102116
0.102125
0.10213
0.10214
0.102145
0.102157
0.102163
0.102177
0.102182
0.102199
0.102204
0.102223
0.102228
0.102251
0.102585
0.102587
0.10259
0.102591
0.102597
0.102599
0.102606
0.102609
0.102616
0.102621
0.102628
0.102635
0.102642
0.102652
0.102658
0.102671
0.102677
0.102692
0.102698
0.102716
0.102721
0.102742
0.102746
0.102774
0.103069
0.103072
0.103072
0.103078
0.103078
0.103086
0.103088
0.103095
0.103099
0.103107
0.103113
0.103121
0.103128
0.103139
0.103145
0.103158
0.103165
0.103181
0.103188
0.103206
0.103213
0.103235
0.10324
0.103267
0.103529
0.103531
0.103534
0.103535
0.103541
0.103543
0.10355
0.103554
0.10356
0.103568
0.103574
0.103583
0.10359
0.103601
0.103608
0.103622
0.103629
0.103645
0.103653
0.103672
0.103679
0.103702
0.103707
0.103736
0.103966
0.103969
0.10397
0.103975
0.103976
0.103983
0.103985
0.103993
0.103998
0.104005
0.104012
0.104021
0.104029
0.10404
0.104048
0.104062
0.104069
0.104086
0.104094
0.104114
0.104121
0.104146
0.104151
0.104181
0.104382
0.104383
0.104386
0.104388
0.104393
0.104396
0.104402
0.104407
0.104414
0.104421
0.104428
0.104437
0.104445
0.104457
0.104465
0.104479
0.104487
0.104504
0.104512
0.104534
0.104541
0.104566
0.104572
0.104602
0.104776
0.104778
0.10478
0.104783
0.104786
0.104791
0.104796
0.104802
0.104807
0.104816
0.104822
0.104832
0.10484
0.104852
0.10486
0.104875
0.104884
0.104901
0.10491
0.104931
0.104939
0.104965
0.10497
0.105002
0.10515
0.105152
0.105154
0.105158
0.10516
0.105166
0.10517
0.105176
0.105182
0.10519
0.105197
0.105207
0.105215
0.105227
0.105236
0.105251
0.105259
0.105277
0.105286
0.105308
0.105315
0.105342
0.105348
0.105381
0.105506
0.105507
0.10551
0.105512
0.105516
0.10552
0.105526
0.105531
0.105537
0.105546
0.105553
0.105563
0.105571
0.105583
0.105592
0.105607
0.105615
0.105634
0.105643
0.105664
0.105673
0.105699
0.105705
0.105739
0.105843
0.105844
0.105846
0.105849
0.105852
0.105858
0.105862
0.105869
0.105874
0.105883
0.105889
0.1059
0.105908
0.10592
0.105929
0.105944
0.105953
0.105972
0.10598
0.106003
0.106011
0.106038
0.106044
0.106077
0.106163
0.106164
0.106166
0.106169
0.106172
0.106177
0.106182
0.106188
0.106194
0.106202
0.106209
0.106219
0.106227
0.10624
0.106249
0.106264
0.106273
0.106292
0.1063
0.106323
0.106331
0.106358
0.106364
0.106398
0.106466
0.106467
0.106469
0.106471
0.106476
0.106479
0.106485
0.106491
0.106497
0.106505
0.106512
0.106522
0.10653
0.106543
0.106552
0.106567
0.106576
0.106595
0.106603
0.106626
0.106634
0.106661
0.106667
0.106701
0.106753
0.106755
0.106756
0.10676
0.106762
0.106768
0.106771
0.106778
0.106784
0.106792
0.106799
0.10681
0.106817
0.10683
0.106839
0.106854
0.106863
0.106882
0.106891
0.106913
0.106921
0.106949
0.106954
0.106988
0.107026
0.107027
0.107029
0.107032
0.107035
0.107039
0.107044
0.10705
0.107057
0.107064
0.107072
0.107082
0.10709
0.107102
0.107111
0.107127
0.107135
0.107154
0.107162
0.107185
0.107193
0.107221
0.107226
0.10726
0.107284
0.107285
0.107288
0.107289
0.107294
0.107297
0.107303
0.107308
0.107314
0.107323
0.107329
0.10734
0.107347
0.10736
0.107369
0.107384
0.107393
0.107412
0.10742
0.107443
0.10745
0.107478
0.107483
0.107518
0.107529
0.107531
0.107531
0.107536
0.107537
0.107544
0.107546
0.107554
0.107558
0.107567
0.107574
0.107584
0.107592
0.107605
0.107613
0.107628
0.107637
0.107656
0.107664
0.107687
0.107694
0.107722
0.107727
0.107761
0.107761
0.107762
0.107765
0.107766
0.107771
0.107773
0.10778
0.107783
0.107791
0.107798
0.107806
0.107816
0.107823
0.107836
0.107844
0.10786
0.107868
0.107887
0.107895
0.107918
0.107925
0.107953
0.107958
0.107992
0.107981
0.107983
0.107983
0.107988
0.107988
0.107996
0.107996
0.108006
0.108009
0.108019
0.108024
0.108035
0.108042
0.108055
0.108063
0.108079
0.108087
0.108106
0.108114
0.108136
0.108144
0.108171
0.108176
0.108209
0.10819
0.10819
0.108193
0.108194
0.108199
0.1082
0.108208
0.108211
0.108219
0.108225
0.108233
0.108243
0.10825
0.108263
0.108271
0.108286
0.108294
0.108313
0.108321
0.108343
0.108349
0.108379
0.108382
0.108416
0.108387
0.108389
0.108388
0.108394
0.108393
0.108401
0.108401
0.108411
0.108414
0.108424
0.108429
0.10844
0.108447
0.108459
0.108467
0.108483
0.10849
0.108509
0.108517
0.108539
0.108545
0.108574
0.108578
0.108611
0.108574
0.108574
0.108577
0.108578
0.108583
0.108584
0.108591
0.108595
0.108602
0.108609
0.108616
0.108626
0.108633
0.108645
0.108653
0.108669
0.108676
0.108695
0.108702
0.108725
0.108731
0.108758
0.108763
0.108796
0.108751
0.108752
0.108752
0.108757
0.108757
0.108765
0.108765
0.108774
0.108777
0.108787
0.108791
0.108803
0.108809
0.108822
0.108829
0.108844
0.108852
0.10887
0.108877
0.1089
0.108905
0.108933
0.108937
0.10897
0.108919
0.108919
0.108921
0.108923
0.108927
0.108929
0.108935
0.108939
0.108946
0.108953
0.108959
0.108969
0.108976
0.108988
0.108996
0.109011
0.109018
0.109037
0.109043
0.109066
0.109071
0.109098
0.109102
0.109135
0.109077
0.109078
0.109079
0.109083
0.109084
0.109089
0.109092
0.109099
0.109103
0.109112
0.109117
0.109128
0.109133
0.109146
0.109153
0.109169
0.109175
0.109194
0.1092
0.109222
0.109227
0.109255
0.109258
0.10929
0.109228
0.109228
0.10923
0.109232
0.109235
0.109239
0.109242
0.109249
0.109253
0.109261
0.109266
0.109277
0.109283
0.109296
0.109302
0.109318
0.109323
0.109343
0.109348
0.109372
0.109376
0.109402
0.109406
0.109437
0.10937
0.10937
0.109372
0.109374
0.109377
0.10938
0.109384
0.10939
0.109395
0.109403
0.109408
0.109418
0.109424
0.109437
0.109443
0.109459
0.109464
0.109484
0.109488
0.109511
0.109515
0.109543
0.109545
0.109577
0.109504
0.109505
0.109506
0.109509
0.10951
0.109516
0.109517
0.109526
0.109528
0.109537
0.109541
0.109552
0.109558
0.109571
0.109576
0.109592
0.109598
0.109616
0.109621
0.109644
0.109648
0.109674
0.109678
0.109708
0.109631
0.109632
0.109634
0.109634
0.10964
0.10964
0.109647
0.10965
0.109657
0.109663
0.109669
0.109679
0.109684
0.109697
0.109702
0.109718
0.109723
0.109743
0.109746
0.109769
0.109773
0.109799
0.109802
0.109833
0.109752
0.109753
0.109752
0.109758
0.109755
0.109765
0.109762
0.109774
0.109773
0.109785
0.109787
0.109799
0.109803
0.109817
0.10982
0.109838
0.109842
0.109861
0.109865
0.109887
0.109891
0.109917
0.10992
0.10995
0.109865
0.109865
0.109869
0.109867
0.109875
0.109872
0.109882
0.109882
0.10989
0.109895
0.109902
0.109911
0.109916
0.109929
0.109933
0.10995
0.109954
0.109973
0.109977
0.11
0.110002
0.110029
0.110031
0.110061
0.109972
0.109974
0.109972
0.109979
0.109975
0.109987
0.109982
0.109995
0.109993
0.110005
0.110007
0.110019
0.110022
0.110036
0.11004
0.110056
0.11006
0.110079
0.110083
0.110105
0.110108
0.110133
0.110136
0.110166
0.110074
0.110073
0.110078
0.110075
0.110084
0.11008
0.110091
0.11009
0.110098
0.110103
0.110109
0.110119
0.110123
0.110137
0.11014
0.110156
0.11016
0.110179
0.110182
0.110205
0.110207
0.110233
0.110235
0.110264
0.110169
0.110171
0.110169
0.110176
0.110171
0.110184
0.110178
0.110192
0.110189
0.110202
0.110202
0.110215
0.110217
0.110231
0.110234
0.110251
0.110254
0.110274
0.110276
0.110298
0.110301
0.110326
0.110329
0.110357
0.11026
0.110259
0.110263
0.11026
0.110269
0.110266
0.110275
0.110275
0.110283
0.110288
0.110293
0.110303
0.110307
0.110321
0.110323
0.11034
0.110343
0.110361
0.110365
0.110387
0.110389
0.110414
0.110417
0.110445
0.110344
0.110346
0.110344
0.110351
0.110347
0.110357
0.110353
0.110365
0.110364
0.110375
0.110376
0.110388
0.110391
0.110405
0.110408
0.110424
0.110427
0.110446
0.110449
0.11047
0.110473
0.110497
0.110499
0.110527
0.110424
0.110424
0.110427
0.110426
0.110432
0.110432
0.110438
0.110441
0.110446
0.110453
0.110457
0.110467
0.11047
0.110484
0.110486
0.110503
0.110506
0.110524
0.110527
0.110549
0.110551
0.110575
0.110577
0.110605
0.110499
0.1105
0.1105
0.110504
0.110503
0.110511
0.11051
0.110519
0.110519
0.110529
0.110531
0.110542
0.110545
0.110558
0.110561
0.110577
0.110579
0.110598
0.110601
0.110621
0.110624
0.110649
0.11065
0.110678
0.11057
0.11057
0.110572
0.110572
0.110576
0.110578
0.110583
0.110587
0.110591
0.110598
0.110601
0.110612
0.110615
0.110628
0.11063
0.110646
0.110649
0.110667
0.110669
0.110691
0.110693
0.110717
0.110719
0.110746
0.110636
0.110637
0.110637
0.11064
0.11064
0.110646
0.110647
0.110654
0.110656
0.110664
0.110667
0.110677
0.11068
0.110693
0.110696
0.110711
0.110714
0.110732
0.110735
0.110755
0.110757
0.110782
0.110783
0.11081
0.110698
0.110698
0.1107
0.1107
0.110704
0.110706
0.11071
0.110714
0.110718
0.110725
0.110729
0.110738
0.110742
0.110754
0.110757
0.110772
0.110775
0.110792
0.110795
0.110816
0.110818
0.110841
0.110843
0.11087
0.110756
0.110756
0.110757
0.110759
0.110761
0.110765
0.110767
0.110772
0.110775
0.110783
0.110786
0.110796
0.110799
0.110811
0.110814
0.110829
0.110831
0.11085
0.110852
0.110872
0.110874
0.110898
0.110899
0.110926
0.11081
0.11081
0.110812
0.110813
0.110816
0.110818
0.110822
0.110825
0.11083
0.110836
0.11084
0.110849
0.110853
0.110864
0.110868
0.110883
0.110885
0.110902
0.110905
0.110924
0.110927
0.110949
0.110951
0.110977
0.11086
0.11086
0.110862
0.110863
0.110866
0.110868
0.110872
0.110876
0.11088
0.110886
0.11089
0.110898
0.110903
0.110914
0.110917
0.110931
0.110933
0.110951
0.110953
0.110974
0.110975
0.110998
0.110999
0.111026
0.110907
0.110907
0.110908
0.11091
0.110912
0.110915
0.110918
0.110922
0.110926
0.110932
0.110937
0.110944
0.110949
0.110959
0.110963
0.110976
0.11098
0.110996
0.110999
0.111018
0.11102
0.111043
0.111044
0.11107
0.11095
0.11095
0.110952
0.110952
0.110956
0.110957
0.110962
0.110964
0.11097
0.110974
0.11098
0.110986
0.110992
0.111001
0.111006
0.111018
0.111022
0.111038
0.11104
0.11106
0.111061
0.111084
0.111085
0.111112
0.11099
0.110991
0.110991
0.110994
0.110994
0.110999
0.111
0.111006
0.111008
0.111014
0.111019
0.111026
0.111031
0.11104
0.111045
0.111057
0.111061
0.111076
0.111079
0.111098
0.1111
0.111122
0.111123
0.111149
0.111027
0.111027
0.111029
0.111029
0.111033
0.111033
0.111039
0.11104
0.111046
0.11105
0.111056
0.111061
0.111068
0.111075
0.111081
0.111092
0.111097
0.11111
0.111114
0.111132
0.111135
0.111157
0.111157
0.111183
0.111061
0.111062
0.111062
0.111065
0.111064
0.11107
0.11107
0.111076
0.111078
0.111084
0.111088
0.111095
0.1111
0.111107
0.111114
0.111123
0.111129
0.111143
0.111146
0.111164
0.111166
0.111188
0.111189
0.111214
0.111092
0.111092
0.111094
0.111094
0.111099
0.111098
0.111104
0.111104
0.11111
0.111113
0.111119
0.111124
0.11113
0.111137
0.111143
0.111152
0.111158
0.11117
0.111175
0.111192
0.111194
0.111215
0.111217
0.111242
0.111121
0.111122
0.111121
0.111125
0.111124
0.111129
0.111129
0.111135
0.111136
0.111142
0.111146
0.111152
0.111157
0.111163
0.11117
0.111178
0.111185
0.111196
0.111201
0.111216
0.11122
0.111239
0.111242
0.111266
0.111147
0.111147
0.111149
0.111149
0.111152
0.111153
0.111156
0.111158
0.111163
0.111166
0.111171
0.111175
0.111181
0.111187
0.111193
0.111201
0.111208
0.111217
0.111224
0.111238
0.111242
0.111261
0.111264
0.111287
0.111171
0.111171
0.111172
0.111173
0.111175
0.111176
0.111179
0.111182
0.111185
0.111189
0.111193
0.111197
0.111202
0.111208
0.111214
0.111221
0.111228
0.111237
0.111243
0.111256
0.111261
0.11128
0.111281
0.111306
0.111193
0.111193
0.111193
0.111195
0.111195
0.111199
0.111199
0.111203
0.111204
0.111209
0.111212
0.111216
0.111221
0.111226
0.111232
0.111238
0.111245
0.111253
0.111261
0.111272
0.111277
0.111294
0.111297
0.11132
0.111212
0.111212
0.111214
0.111213
0.111216
0.111215
0.111219
0.11122
0.111224
0.111225
0.11123
0.111233
0.111237
0.111242
0.111247
0.111253
0.111259
0.111267
0.111273
0.111284
0.11129
0.111306
0.111309
0.111332
0.11123
0.111231
0.111229
0.111232
0.111231
0.111235
0.111234
0.111238
0.111238
0.111243
0.111244
0.111248
0.111251
0.111255
0.11126
0.111265
0.111271
0.111277
0.111284
0.111292
0.1113
0.111313
0.111318
0.111341
0.111247
0.111247
0.111249
0.111247
0.11125
0.111249
0.111252
0.111252
0.111255
0.111255
0.111259
0.111261
0.111264
0.111267
0.111271
0.111275
0.111279
0.111285
0.11129
0.111297
0.111305
0.111316
0.111322
0.111344
0.111267
0.111268
0.111266
0.111269
0.111267
0.11127
0.111269
0.111271
0.111271
0.111274
0.111273
0.111276
0.111277
0.111279
0.111281
0.111284
0.111287
0.11129
0.111294
0.111298
0.111304
0.111311
0.111317
0.111334
0.111289
0.111288
0.11129
0.111288
0.11129
0.111288
0.11129
0.111288
0.111291
0.111289
0.111291
0.11129
0.111291
0.111292
0.111292
0.111293
0.111294
0.111295
0.111296
0.111297
0.111299
0.111301
0.111303
0.111309
0.111297
0.111297
0.111297
0.111297
0.111297
0.111297
0.111297
0.111297
0.111297
0.111297
0.111297
0.111296
0.111296
0.111296
0.111296
0.111296
0.111296
0.111296
0.111296
0.111297
0.111297
0.111297
0.111297
0.111297
)
;

boundaryField
{
    asym1
    {
        type            wedge;
    }
    asym2
    {
        type            wedge;
    }
    inlet
    {
        type            calculated;
        value           nonuniform List<scalar> 
24
(
0.111289
0.111289
0.11129
0.11129
0.11129
0.11129
0.11129
0.11129
0.11129
0.111291
0.111291
0.111291
0.111292
0.111292
0.111293
0.111293
0.111294
0.111295
0.111296
0.111297
0.111298
0.1113
0.111302
0.111307
)
;
    }
    nozzle
    {
        type            calculated;
        value           nonuniform List<scalar> 
174
(
0.111297
0.111309
0.111334
0.111344
0.111341
0.111332
0.11132
0.111306
0.111287
0.111266
0.111242
0.111214
0.111183
0.111149
0.111112
0.11107
0.111026
0.110977
0.110926
0.11087
0.11081
0.110746
0.110678
0.110605
0.110527
0.110445
0.110357
0.110264
0.110166
0.110061
0.10995
0.109833
0.109708
0.109577
0.109437
0.10929
0.109135
0.10897
0.108796
0.108611
0.108416
0.108209
0.107992
0.107761
0.107518
0.10726
0.106988
0.106701
0.106398
0.106077
0.105739
0.105381
0.105002
0.104602
0.104181
0.103736
0.103267
0.102774
0.102251
0.101703
0.101124
0.100516
0.0998762
0.0992036
0.0984971
0.0977555
0.0969781
0.0961642
0.0953133
0.0944249
0.0934985
0.0925338
0.0915311
0.09049
0.0894113
0.088296
0.0871457
0.0859621
0.0847473
0.0835039
0.0822356
0.0809469
0.0796432
0.078332
0.0770223
0.0757068
0.0745074
0.07343
0.0724275
0.0714644
0.0705219
0.0695904
0.0686631
0.0677344
0.066796
0.0658628
0.0649474
0.0640463
0.0631572
0.0622796
0.0614133
0.0605582
0.0597141
0.0588808
0.058058
0.0572458
0.0564441
0.0556534
0.0548739
0.054106
0.05335
0.0526064
0.0518756
0.0511579
0.0504537
0.0497632
0.0490867
0.0484242
0.0477759
0.0471419
0.0465222
0.0459168
0.0453257
0.0447489
0.0441863
0.0436379
0.0431036
0.0425831
0.0420768
0.0415841
0.0411048
0.0406396
0.0401881
0.0397501
0.039325
0.0389133
0.038515
0.0381299
0.0377577
0.0373982
0.0370511
0.0367164
0.036394
0.0360836
0.0357848
0.0354979
0.0352232
0.0349593
0.0347064
0.0344648
0.0342343
0.0340146
0.0338054
0.0336067
0.0334183
0.0332402
0.0330723
0.0329146
0.0327669
0.0326292
0.0325014
0.0323834
0.0322751
0.0321764
0.0320872
0.0320074
0.0319369
0.0318759
0.0318238
0.0317805
0.0317369
0.0317345
0.0317038
0.0317505
)
;
    }
    outlet
    {
        type            calculated;
        value           nonuniform List<scalar> 
24
(
0.0308481
0.0308509
0.0308565
0.0308663
0.0308782
0.0308936
0.0309127
0.0309328
0.0309596
0.0309841
0.0310179
0.0310481
0.0310869
0.0311247
0.0311661
0.0312139
0.0312538
0.0313166
0.0313522
0.0314315
0.031461
0.0315583
0.031577
0.0316826
)
;
    }
}


// ************************************************************************* //
